0 0 0 0 0 0 0 0 0 0 0 0 0 0 0 0 0 0 0 0 0 79 24 13 0 0 0 0 0 0 0 0 0 0 0 0 0 0 0 0 0 0 0 0 0 0 0 0 0 0 0 0 0 0 0 0 0 0 0 0 0 0 0 0 0 0 0 0 0 0 0 0 0 0 0 0 0 0 0 0 0 0 0 0 0 0 0
0 0 0 0 0 0 0 0 0 79 24 13 79 24 13 0 0 0 79 24 13 252 228 205 79 24 13 0 0 0 0 0 0 0 0 0 0 0 0 0 0 0 0 0 0 0 0 0 0 0 0 0 0 0 0 0 0 0 0 0 0 0 0 0 0 0 0 0 0 0 0 0 0 0 0 0 0 0 0 0 0 0 0 0 0 0 0
0 0 0 0 0 0 0 0 0 79 24 13 243 149 85 79 24 13 79 24 13 252 228 205 255 203 140 79 24 13 0 0 0 0 0 0 0 0 0 0 0 0 0 0 0 0 0 0 0 0 0 0 0 0 0 0 0 0 0 0 0 0 0 0 0 0 0 0 0 0 0 0 0 0 0 0 0 0 0 0 0 0 0 0 0 0 0
0 0 0 0 0 0 0 0 0 79 24 13 243 149 85 243 149 85 79 24 13 252 228 205 255 203 140 79 24 13 0 0 0 0 0 0 0 0 0 0 0 0 0 0 0 0 0 0 0 0 0 0 0 0 0 0 0 0 0 0 0 0 0 0 0 0 0 0 0 0 0 0 0 0 0 0 0 0 0 0 0 0 0 0 0 0 0
0 0 0 0 0 0 0 0 0 0 0 0 79 24 13 243 149 85 79 24 13 252 228 205 255 203 140 79 24 13 0 0 0 0 0 0 0 0 0 0 0 0 0 0 0 0 0 0 0 0 0 0 0 0 0 0 0 0 0 0 0 0 0 0 0 0 0 0 0 0 0 0 0 0 0 0 0 0 0 0 0 0 0 0 0 0 0
0 0 0 0 0 0 0 0 0 79 24 13 79 24 13 79 24 13 79 24 13 255 203 140 255 203 140 79 24 13 0 0 0 0 0 0 0 0 0 0 0 0 0 0 0 0 0 0 0 0 0 0 0 0 0 0 0 0 0 0 0 0 0 0 0 0 0 0 0 0 0 0 0 0 0 0 0 0 0 0 0 0 0 0 0 0 0
0 0 0 0 0 0 79 24 13 252 228 205 252 228 205 252 228 205 79 24 13 255 203 140 255 203 140 79 24 13 79 24 13 0 0 0 0 0 0 0 0 0 0 0 0 0 0 0 0 0 0 0 0 0 0 0 0 0 0 0 0 0 0 0 0 0 0 0 0 0 0 0 0 0 0 0 0 0 0 0 0 0 0 0 0 0 0
0 0 0 79 24 13 252 228 205 255 203 140 255 203 140 255 203 140 255 203 140 79 24 13 255 203 140 79 24 13 255 203 140 79 24 13 0 0 0 0 0 0 0 0 0 0 0 0 0 0 0 0 0 0 0 0 0 0 0 0 0 0 0 0 0 0 0 0 0 0 0 0 0 0 0 0 0 0 0 0 0 0 0 0 0 0 0
79 24 13 252 228 205 255 203 140 255 203 140 255 203 140 255 203 140 255 203 140 255 203 140 255 203 140 255 203 140 255 203 140 255 203 140 79 24 13 0 0 0 0 0 0 0 0 0 0 0 0 0 0 0 0 0 0 0 0 0 0 0 0 0 0 0 0 0 0 0 0 0 0 0 0 0 0 0 0 0 0 0 0 0 0 0 0
79 24 13 255 203 140 255 203 140 255 203 140 255 203 140 255 203 140 255 203 140 255 203 140 255 203 140 255 203 140 255 203 140 255 203 140 255 203 140 79 24 13 0 0 0 0 0 0 0 0 0 0 0 0 0 0 0 0 0 0 0 0 0 0 0 0 0 0 0 0 0 0 0 0 0 0 0 0 0 0 0 0 0 0 0 0 0
79 24 13 255 203 140 255 203 140 79 24 13 79 24 13 79 24 13 79 24 13 79 24 13 255 203 140 255 203 140 255 203 140 255 203 140 255 203 140 79 24 13 0 0 0 0 0 0 0 0 0 0 0 0 0 0 0 0 0 0 0 0 0 0 0 0 0 0 0 0 0 0 0 0 0 0 0 0 0 0 0 0 0 0 0 0 0
0 0 0 79 24 13 79 24 13 252 228 205 252 228 205 252 228 205 252 228 205 252 228 205 79 24 13 255 203 140 255 203 140 255 203 140 255 203 140 79 24 13 0 0 0 0 0 0 0 0 0 0 0 0 0 0 0 0 0 0 0 0 0 0 0 0 0 0 0 0 0 0 0 0 0 0 0 0 0 0 0 0 0 0 0 0 0
79 24 13 252 228 205 252 228 205 252 228 205 252 228 205 79 24 13 79 24 13 252 228 205 252 228 205 79 24 13 255 203 140 255 203 140 255 203 140 79 24 13 0 0 0 0 0 0 0 0 0 0 0 0 0 0 0 0 0 0 0 0 0 0 0 0 0 0 0 0 0 0 0 0 0 0 0 0 0 0 0 0 0 0 0 0 0
79 24 13 252 228 205 252 228 205 252 228 205 252 228 205 252 228 205 79 24 13 252 228 205 252 228 205 79 24 13 255 203 140 255 203 140 255 203 140 79 24 13 0 0 0 0 0 0 0 0 0 0 0 0 0 0 0 0 0 0 0 0 0 0 0 0 0 0 0 0 0 0 0 0 0 0 0 0 0 0 0 0 0 0 0 0 0
79 24 13 79 24 13 252 228 205 252 228 205 252 228 205 252 228 205 252 228 205 252 228 205 79 24 13 243 149 85 255 203 140 255 203 140 255 203 140 79 24 13 0 0 0 0 0 0 0 0 0 0 0 0 0 0 0 0 0 0 0 0 0 0 0 0 0 0 0 0 0 0 0 0 0 0 0 0 0 0 0 0 0 0 0 0 0
79 24 13 252 228 205 252 228 205 79 24 13 252 228 205 252 228 205 252 228 205 79 24 13 243 149 85 243 149 85 255 203 140 255 203 140 255 203 140 79 24 13 0 0 0 0 0 0 0 0 0 0 0 0 0 0 0 0 0 0 0 0 0 0 0 0 0 0 0 0 0 0 0 0 0 0 0 0 0 0 0 0 0 0 0 0 0
0 0 0 79 24 13 79 24 13 79 24 13 79 24 13 79 24 13 79 24 13 243 149 85 243 149 85 255 203 140 255 203 140 255 203 140 255 203 140 79 24 13 0 0 0 0 0 0 0 0 0 0 0 0 0 0 0 0 0 0 0 0 0 0 0 0 0 0 0 0 0 0 0 0 0 0 0 0 0 0 0 0 0 0 0 0 0
0 0 0 0 0 0 0 0 0 0 0 0 79 24 13 243 149 85 243 149 85 243 149 85 243 149 85 255 203 140 255 203 140 255 203 140 255 203 140 79 24 13 0 0 0 0 0 0 0 0 0 0 0 0 0 0 0 0 0 0 0 0 0 0 0 0 0 0 0 0 0 0 0 0 0 0 0 0 0 0 0 0 0 0 0 0 0
0 0 0 0 0 0 0 0 0 0 0 0 0 0 0 79 24 13 243 149 85 243 149 85 255 203 140 255 203 140 255 203 140 255 203 140 255 203 140 79 24 13 0 0 0 0 0 0 0 0 0 0 0 0 0 0 0 0 0 0 0 0 0 0 0 0 0 0 0 0 0 0 0 0 0 0 0 0 0 0 0 0 0 0 0 0 0
0 0 0 0 0 0 0 0 0 0 0 0 0 0 0 79 24 13 255 203 140 255 203 140 255 203 140 255 203 140 255 203 140 255 203 140 255 203 140 79 24 13 0 0 0 0 0 0 0 0 0 0 0 0 0 0 0 0 0 0 0 0 0 0 0 0 0 0 0 0 0 0 0 0 0 0 0 0 0 0 0 0 0 0 0 0 0
0 0 0 0 0 0 0 0 0 0 0 0 0 0 0 79 24 13 255 203 140 255 203 140 255 203 140 255 203 140 255 203 140 255 203 140 255 203 140 79 24 13 0 0 0 0 0 0 0 0 0 0 0 0 0 0 0 0 0 0 0 0 0 0 0 0 0 0 0 0 0 0 0 0 0 0 0 0 0 0 0 0 0 0 0 0 0
0 0 0 0 0 0 0 0 0 0 0 0 0 0 0 79 24 13 255 203 140 255 203 140 255 203 140 255 203 140 255 203 140 255 203 140 255 203 140 255 203 140 79 24 13 0 0 0 0 0 0 0 0 0 0 0 0 0 0 0 0 0 0 0 0 0 0 0 0 0 0 0 0 0 0 0 0 0 0 0 0 0 0 0 0 0 0
0 0 0 0 0 0 0 0 0 0 0 0 0 0 0 79 24 13 255 203 140 255 203 140 255 203 140 255 203 140 255 203 140 255 203 140 255 203 140 255 203 140 79 24 13 0 0 0 0 0 0 0 0 0 0 0 0 0 0 0 0 0 0 0 0 0 0 0 0 0 0 0 0 0 0 0 0 0 0 0 0 0 0 0 0 0 0
0 0 0 0 0 0 0 0 0 0 0 0 0 0 0 79 24 13 255 203 140 255 203 140 255 203 140 255 203 140 255 203 140 255 203 140 255 203 140 255 203 140 79 24 13 0 0 0 0 0 0 0 0 0 0 0 0 0 0 0 0 0 0 0 0 0 0 0 0 0 0 0 0 0 0 0 0 0 0 0 0 0 0 0 0 0 0
0 0 0 0 0 0 0 0 0 0 0 0 79 24 13 252 228 205 255 203 140 255 203 140 255 203 140 255 203 140 255 203 140 255 203 140 255 203 140 255 203 140 79 24 13 0 0 0 0 0 0 0 0 0 0 0 0 0 0 0 0 0 0 0 0 0 0 0 0 0 0 0 0 0 0 0 0 0 0 0 0 0 0 0 0 0 0
0 0 0 0 0 0 0 0 0 0 0 0 79 24 13 252 228 205 255 203 140 255 203 140 255 203 140 255 203 140 255 203 140 255 203 140 255 203 140 255 203 140 252 228 205 79 24 13 0 0 0 0 0 0 0 0 0 0 0 0 0 0 0 0 0 0 0 0 0 0 0 0 0 0 0 0 0 0 0 0 0 0 0 0 0 0 0
0 0 0 0 0 0 0 0 0 0 0 0 79 24 13 252 228 205 255 203 140 255 203 140 255 203 140 255 203 140 255 203 140 255 203 140 255 203 140 255 203 140 255 203 140 255 203 140 79 24 13 79 24 13 79 24 13 79 24 13 79 24 13 79 24 13 79 24 13 79 24 13 0 0 0 0 0 0 0 0 0 0 0 0 0 0 0
0 0 0 0 0 0 0 0 0 79 24 13 252 228 205 255 203 140 255 203 140 255 203 140 255 203 140 243 149 85 255 203 140 255 203 140 255 203 140 255 203 140 255 203 140 255 203 140 255 203 140 255 203 140 255 203 140 255 203 140 255 203 140 255 203 140 255 203 140 255 203 140 79 24 13 79 24 13 79 24 13 0 0 0 0 0 0
0 0 0 0 0 0 0 0 0 79 24 13 252 228 205 255 203 140 255 203 140 255 203 140 255 203 140 255 203 140 255 203 140 255 203 140 255 203 140 255 203 140 255 203 140 255 203 140 255 203 140 255 203 140 255 203 140 255 203 140 255 203 140 255 203 140 255 203 140 255 203 140 255 203 140 79 24 13 255 203 140 79 24 13 0 0 0
0 0 0 0 0 0 0 0 0 79 24 13 255 203 140 255 203 140 255 203 140 255 203 140 255 203 140 255 203 140 255 203 140 255 203 140 255 203 140 243 149 85 255 203 140 255 203 140 255 203 140 255 203 140 255 203 140 243 149 85 255 203 140 255 203 140 255 203 140 255 203 140 255 203 140 79 24 13 255 203 140 255 203 140 79 24 13
0 0 0 0 0 0 0 0 0 79 24 13 255 203 140 255 203 140 255 203 140 243 149 85 255 203 140 255 203 140 255 203 140 255 203 140 255 203 140 243 149 85 243 149 85 255 203 140 255 203 140 255 203 140 255 203 140 255 203 140 255 203 140 255 203 140 255 203 140 255 203 140 255 203 140 255 203 140 79 24 13 255 203 140 79 24 13
0 0 0 0 0 0 0 0 0 79 24 13 255 203 140 255 203 140 255 203 140 255 203 140 243 149 85 255 203 140 255 203 140 255 203 140 255 203 140 255 203 140 243 149 85 255 203 140 255 203 140 255 203 140 255 203 140 255 203 140 255 203 140 255 203 140 255 203 140 243 149 85 255 203 140 255 203 140 79 24 13 255 203 140 79 24 13
0 0 0 0 0 0 0 0 0 79 24 13 255 203 140 255 203 140 255 203 140 255 203 140 255 203 140 255 203 140 255 203 140 255 203 140 255 203 140 255 203 140 255 203 140 255 203 140 255 203 140 255 203 140 255 203 140 255 203 140 255 203 140 255 203 140 243 149 85 243 149 85 255 203 140 255 203 140 79 24 13 255 203 140 79 24 13
0 0 0 0 0 0 0 0 0 79 24 13 255 203 140 255 203 140 255 203 140 255 203 140 255 203 140 255 203 140 255 203 140 255 203 140 255 203 140 255 203 140 255 203 140 255 203 140 255 203 140 243 149 85 255 203 140 255 203 140 255 203 140 255 203 140 243 149 85 255 203 140 255 203 140 255 203 140 79 24 13 79 24 13 0 0 0
0 0 0 0 0 0 0 0 0 0 0 0 79 24 13 243 149 85 255 203 140 255 203 140 243 149 85 255 203 140 255 203 140 255 203 140 255 203 140 255 203 140 255 203 140 255 203 140 243 149 85 255 203 140 255 203 140 255 203 140 255 203 140 255 203 140 255 203 140 255 203 140 255 203 140 255 203 140 79 24 13 0 0 0 0 0 0
0 0 0 0 0 0 0 0 0 0 0 0 0 0 0 79 24 13 243 149 85 243 149 85 255 203 140 255 203 140 79 24 13 255 203 140 255 203 140 255 203 140 255 203 140 255 203 140 255 203 140 255 203 140 255 203 140 255 203 140 79 24 13 255 203 140 255 203 140 255 203 140 255 203 140 255 203 140 79 24 13 0 0 0 0 0 0
0 0 0 0 0 0 0 0 0 0 0 0 0 0 0 0 0 0 79 24 13 243 149 85 243 149 85 243 149 85 79 24 13 252 228 205 255 203 140 255 203 140 255 203 140 79 24 13 243 149 85 243 149 85 255 203 140 255 203 140 79 24 13 252 228 205 255 203 140 255 203 140 255 203 140 243 149 85 79 24 13 0 0 0 0 0 0
0 0 0 0 0 0 0 0 0 0 0 0 0 0 0 0 0 0 0 0 0 79 24 13 79 24 13 243 149 85 79 24 13 252 228 205 255 203 140 255 203 140 255 203 140 79 24 13 243 149 85 243 149 85 243 149 85 243 149 85 79 24 13 252 228 205 255 203 140 255 203 140 255 203 140 79 24 13 0 0 0 0 0 0 0 0 0
0 0 0 0 0 0 0 0 0 0 0 0 0 0 0 0 0 0 0 0 0 79 24 13 243 149 85 79 24 13 79 24 13 252 228 205 255 203 140 255 203 140 255 203 140 79 24 13 243 149 85 243 149 85 243 149 85 243 149 85 79 24 13 252 228 205 255 203 140 255 203 140 255 203 140 79 24 13 0 0 0 0 0 0 0 0 0
0 0 0 0 0 0 0 0 0 0 0 0 0 0 0 0 0 0 0 0 0 79 24 13 243 149 85 243 149 85 79 24 13 255 203 140 255 203 140 255 203 140 255 203 140 79 24 13 79 24 13 79 24 13 79 24 13 79 24 13 79 24 13 255 203 140 255 203 140 255 203 140 255 203 140 79 24 13 0 0 0 0 0 0 0 0 0
0 0 0 0 0 0 0 0 0 0 0 0 0 0 0 0 0 0 0 0 0 79 24 13 243 149 85 243 149 85 79 24 13 255 203 140 255 203 140 255 203 140 255 203 140 79 24 13 0 0 0 79 24 13 243 149 85 243 149 85 243 149 85 79 24 13 255 203 140 255 203 140 255 203 140 79 24 13 0 0 0 0 0 0 0 0 0
0 0 0 0 0 0 0 0 0 0 0 0 0 0 0 0 0 0 0 0 0 0 0 0 79 24 13 243 149 85 243 149 85 79 24 13 255 203 140 255 203 140 79 24 13 0 0 0 0 0 0 0 0 0 79 24 13 243 149 85 243 149 85 79 24 13 255 203 140 255 203 140 255 203 140 79 24 13 0 0 0 0 0 0 0 0 0
0 0 0 0 0 0 0 0 0 0 0 0 0 0 0 0 0 0 0 0 0 0 0 0 79 24 13 243 149 85 243 149 85 79 24 13 255 203 140 255 203 140 79 24 13 0 0 0 0 0 0 0 0 0 79 24 13 243 149 85 243 149 85 79 24 13 255 203 140 255 203 140 79 24 13 0 0 0 0 0 0 0 0 0 0 0 0
0 0 0 0 0 0 0 0 0 0 0 0 0 0 0 0 0 0 0 0 0 0 0 0 79 24 13 243 149 85 243 149 85 79 24 13 255 203 140 255 203 140 79 24 13 0 0 0 0 0 0 0 0 0 79 24 13 243 149 85 243 149 85 79 24 13 255 203 140 255 203 140 79 24 13 0 0 0 0 0 0 0 0 0 0 0 0
0 0 0 0 0 0 0 0 0 0 0 0 0 0 0 0 0 0 0 0 0 0 0 0 0 0 0 79 24 13 79 24 13 0 0 0 79 24 13 79 24 13 0 0 0 0 0 0 0 0 0 0 0 0 0 0 0 79 24 13 79 24 13 0 0 0 79 24 13 79 24 13 0 0 0 0 0 0 0 0 0 0 0 0 0 0 0
