0 0 0 0 0 0 0 0 0 0 0 0 0 0 0 0 0 0 0 0 0 0 0 0 0 0 0 0 0 0 0 0 0 0 0 0 0 0 0 0 0 0 0 0 0 0 0 0 0 0 0 0 0 0 0 0 0 0 0 0 0 0 0 0 0 0 0 0 0 0 0 0 0 0 0 0 0 0 0 0 0 0 0 0 255 255 255 255 255 255 0 0 0 0 0 0 0 0 0 0 0 0 0 0 0 0 0 0 0 0 0 0 0 0 0 0 0 221 152 14 221 152 14 0 0 0 0 0 0 0 0 0 0 0 0 255 255 255 255 255 255 255 255 255 0 0 0 0 0 0 0 0 0 0 0 0
0 0 0 0 0 0 0 0 0 0 0 0 0 0 0 0 0 0 0 0 0 0 0 0 0 0 0 0 0 0 0 0 0 0 0 0 0 0 0 0 0 0 0 0 0 0 0 0 0 0 0 0 0 0 0 0 0 0 0 0 0 0 0 0 0 0 0 0 0 0 0 0 0 0 0 0 0 0 0 0 0 0 0 0 255 255 255 255 251 255 255 235 248 255 255 255 0 0 0 0 0 0 0 0 0 0 0 0 0 0 0 0 0 0 221 152 14 248 246 145 221 152 14 0 0 0 0 0 0 0 0 0 0 0 0 0 0 0 255 255 255 0 0 0 0 0 0 0 0 0 0 0 0 0 0 0
0 0 0 0 0 0 0 0 0 0 0 0 0 0 0 0 0 0 0 0 0 0 0 0 0 0 0 0 0 0 0 0 0 0 0 0 0 0 0 0 0 0 0 0 0 0 0 0 0 0 0 0 0 0 0 0 0 0 0 0 0 0 0 54 50 61 54 50 61 54 50 61 0 0 0 0 0 0 0 0 0 0 0 0 0 0 0 255 233 248 255 236 247 255 255 255 0 0 0 0 0 0 0 0 0 0 0 0 0 0 0 0 0 0 221 152 14 239 217 103 221 152 14 0 0 0 0 0 0 0 0 0 0 0 0 0 0 0 0 0 0 0 0 0 153 210 236 170 255 255 0 0 0 0 0 0
0 0 0 0 0 0 0 0 0 0 0 0 0 0 0 0 0 0 0 0 0 0 0 0 0 0 0 0 0 0 0 0 0 0 0 0 0 0 0 54 50 61 54 50 61 54 50 61 54 50 61 0 0 0 0 0 0 0 0 0 54 50 61 250 228 241 250 228 241 250 228 241 54 50 61 0 0 0 0 0 0 0 0 0 0 0 0 0 0 0 0 0 0 0 0 0 0 0 0 0 0 0 0 0 0 0 0 0 0 0 0 221 152 14 248 246 145 248 246 145 221 152 14 0 0 0 0 0 0 0 0 0 0 0 0 0 0 0 0 0 0 155 209 237 152 213 236 154 213 237 170 255 255 0 0 0
0 0 0 0 0 0 0 0 0 0 0 0 0 0 0 0 0 0 255 238 238 0 0 0 0 0 0 0 0 0 0 0 0 0 0 0 54 50 61 255 233 246 255 233 246 255 233 246 255 233 246 54 50 61 54 50 61 0 0 0 54 50 61 255 233 246 255 233 246 255 233 246 250 228 241 54 50 61 0 0 0 0 0 0 0 0 0 0 0 0 0 0 0 0 0 0 0 0 0 0 0 0 0 0 0 0 0 0 0 0 0 198 133 16 239 217 103 239 217 103 221 152 14 0 0 0 0 0 0 0 0 0 0 0 0 0 0 0 170 212 255 152 213 237 152 213 238 151 213 236 151 215 239 0 0 0
0 0 0 0 0 0 0 0 0 0 0 0 0 0 0 255 212 255 255 233 246 255 212 255 0 0 0 0 0 0 0 0 0 0 0 0 54 50 61 255 233 246 255 233 246 255 233 246 255 233 246 255 233 246 255 233 246 54 50 61 239 192 225 255 233 246 255 233 246 255 233 246 255 233 246 54 50 61 0 0 0 0 0 0 0 0 0 0 0 0 0 0 0 0 0 0 0 0 0 0 0 0 0 0 0 0 0 0 198 133 16 248 246 145 248 246 145 248 246 145 198 133 16 0 0 0 0 0 0 0 0 0 0 0 0 0 0 0 0 0 0 0 0 0 152 213 236 153 217 242 0 0 0 0 0 0
0 0 0 0 0 0 0 0 0 0 0 0 255 231 243 255 233 246 0 0 0 255 233 246 255 231 243 0 0 0 0 0 0 0 0 0 42 42 42 59 54 66 59 54 66 255 233 246 255 233 246 255 233 246 255 233 246 255 233 246 54 50 61 244 195 230 255 233 246 255 233 246 255 233 246 250 228 241 54 50 61 0 0 0 0 0 0 0 0 0 0 0 0 54 50 61 0 0 0 0 0 0 0 0 0 128 56 140 130 58 137 131 61 140 131 61 140 239 217 103 198 133 16 0 0 0 0 0 0 54 50 61 0 0 0 0 0 0 0 0 0 0 0 0 0 0 0 0 0 0 0 0 0 0 0 0
0 0 0 0 0 0 0 0 0 0 0 0 255 255 255 255 227 255 255 233 246 255 227 255 255 255 255 0 0 0 0 0 0 0 0 0 54 50 61 255 233 246 255 233 246 255 233 246 255 233 246 255 233 246 255 233 246 255 233 246 54 50 61 244 196 230 255 233 246 255 233 246 255 233 246 255 233 246 54 50 61 0 0 0 0 0 0 0 0 0 54 50 61 255 233 246 54 50 61 128 56 140 128 56 140 3 217 224 3 217 224 3 217 224 3 217 224 131 60 139 198 133 16 0 0 0 54 50 61 255 233 246 54 50 61 0 0 0 0 0 0 0 0 0 0 0 0 0 0 0 0 0 0 0 0 0
0 0 0 0 0 0 0 0 0 0 0 0 0 0 0 0 0 0 255 235 245 0 0 0 0 0 0 0 0 0 0 0 0 0 0 0 51 51 51 58 54 65 255 234 246 255 234 246 255 234 246 255 234 246 255 234 246 255 234 246 255 233 246 58 53 64 244 196 230 244 196 230 244 195 229 244 195 229 54 50 61 0 0 0 0 0 0 54 50 61 255 233 246 255 233 246 255 233 246 54 50 61 239 233 56 237 236 57 237 236 57 0 221 226 0 221 226 2 218 225 129 58 137 127 56 140 255 233 246 255 234 246 255 233 246 54 50 61 0 0 0 0 0 0 0 0 0 0 0 0 0 0 0 0 0 0
0 0 0 0 0 0 0 0 0 0 0 0 0 0 0 0 0 0 0 0 0 0 0 0 0 0 0 0 0 0 0 0 0 0 0 0 0 0 0 51 51 51 58 54 65 58 54 65 58 54 65 255 234 246 255 234 246 255 234 246 255 234 246 54 50 61 244 195 229 127 56 140 127 56 140 127 56 140 127 56 140 127 56 140 127 56 140 54 50 61 255 233 246 255 233 246 255 233 246 54 50 61 255 162 219 255 162 219 242 237 54 237 236 57 237 236 57 0 221 226 2 218 225 2 218 225 127 56 140 130 60 142 255 233 246 54 50 61 0 0 0 0 0 0 0 0 0 0 0 0 0 0 0 0 0 0
0 0 0 0 0 0 0 0 0 0 0 0 0 0 0 0 0 0 0 0 0 0 0 0 0 0 0 0 0 0 0 0 0 0 0 0 0 0 0 0 0 0 51 51 51 54 50 61 255 233 246 255 234 246 255 234 246 255 234 246 255 234 246 127 56 140 127 56 140 2 218 225 2 218 225 242 237 54 239 233 56 239 233 56 127 56 140 251 230 242 255 233 246 255 160 222 255 233 246 255 233 246 54 50 61 255 160 222 255 162 219 242 237 54 242 237 54 242 237 54 242 237 54 0 221 226 2 218 225 2 218 225 130 60 142 126 56 138 127 56 140 0 0 0 0 0 0 0 0 0 0 0 0 0 0 0
0 0 0 0 0 0 0 0 0 0 0 0 0 0 0 0 0 0 0 0 0 0 0 0 0 0 0 0 0 0 0 0 0 0 0 0 0 0 0 0 0 0 0 0 0 54 50 61 255 234 246 255 234 246 255 234 246 255 234 246 127 56 140 0 221 226 0 221 226 237 236 57 237 236 57 242 237 54 255 162 219 255 162 219 127 56 140 255 233 246 255 233 246 255 160 222 255 160 222 255 233 246 255 233 246 130 58 141 255 160 222 255 162 219 242 237 54 242 237 54 242 237 54 242 237 54 242 237 54 0 221 226 2 218 225 2 218 225 127 56 140 0 0 0 0 0 0 0 0 0 0 0 0 0 0 0
0 0 0 0 0 0 0 0 0 0 0 0 0 0 0 0 0 0 0 0 0 127 56 140 127 56 140 127 56 140 127 56 140 127 56 140 0 0 0 0 0 0 0 0 0 51 51 51 54 50 61 255 234 246 255 234 246 127 56 140 2 218 225 0 221 226 237 236 57 242 237 54 242 237 54 255 160 222 255 160 222 255 160 222 129 59 142 255 233 246 255 231 245 255 231 245 255 233 246 255 233 246 255 233 246 255 233 246 130 58 141 255 160 222 255 162 219 255 162 219 242 237 54 242 237 54 242 237 54 242 237 54 242 237 54 242 237 54 127 56 140 54 50 61 0 0 0 0 0 0 0 0 0 0 0 0
0 0 0 0 0 0 0 0 0 0 0 0 0 0 0 0 0 0 127 56 140 0 221 226 0 221 226 0 221 226 0 221 226 0 221 226 127 56 140 0 0 0 0 0 0 57 53 64 255 233 246 54 50 61 58 54 65 127 56 140 0 221 226 237 236 57 242 237 54 242 237 54 255 162 219 255 159 222 255 160 222 130 58 141 252 230 244 255 233 246 255 233 246 255 233 246 255 233 246 255 233 246 255 233 246 255 233 246 255 233 246 130 58 141 130 58 141 255 160 222 255 162 219 255 162 219 255 162 219 255 162 219 255 162 219 130 60 138 255 233 246 54 50 61 0 0 0 0 0 0 0 0 0 0 0 0
0 0 0 0 0 0 0 0 0 0 0 0 0 0 0 128 56 140 0 221 226 0 221 226 0 221 226 238 236 57 238 236 57 238 236 57 242 237 54 128 56 140 54 50 61 255 233 246 255 233 246 255 233 246 128 56 140 3 221 226 0 221 226 242 237 54 242 237 54 242 237 54 255 159 223 255 159 223 255 159 223 128 56 140 255 233 246 255 233 246 255 233 246 255 233 246 255 233 246 255 233 246 255 233 246 255 233 246 255 233 246 255 233 246 255 233 246 130 57 141 130 57 141 130 57 141 130 57 141 130 57 141 130 57 141 255 233 246 255 233 246 255 233 246 54 50 61 0 0 0 0 0 0 0 0 0
0 0 0 0 0 0 0 0 0 0 0 0 128 56 140 0 221 226 0 221 226 0 221 226 238 236 57 242 237 54 242 237 54 255 161 221 255 161 221 240 234 55 54 50 61 255 233 246 255 233 246 255 233 246 128 56 140 3 221 226 0 221 226 242 237 54 242 237 54 242 237 54 255 159 223 255 159 223 255 159 223 128 56 140 255 233 246 255 233 246 255 233 246 255 233 246 255 233 246 255 233 246 255 233 246 255 233 246 255 233 246 255 233 246 255 233 246 255 233 246 255 233 246 255 233 246 255 233 246 255 233 246 255 233 246 255 233 246 255 233 246 255 233 246 54 50 61 0 0 0 0 0 0 0 0 0
0 0 0 0 0 0 0 0 0 0 0 0 128 56 140 0 221 226 0 221 226 242 237 54 242 237 54 242 237 54 255 159 223 255 159 223 255 159 223 57 53 61 255 233 246 255 233 246 255 233 246 255 233 246 128 56 140 3 221 226 0 221 226 242 237 54 242 237 54 242 237 54 255 159 223 255 159 223 128 56 140 255 232 246 255 233 246 255 233 246 255 233 246 255 233 246 255 233 246 255 233 246 255 233 246 255 233 246 255 233 246 255 233 246 255 233 246 255 233 246 255 233 246 255 233 246 255 233 246 255 233 246 255 233 246 255 233 246 255 233 246 255 233 246 54 50 61 0 0 0 0 0 0 0 0 0
0 0 0 0 0 0 0 0 0 128 56 140 0 221 226 0 221 226 0 221 226 242 237 54 242 237 54 242 237 54 255 159 223 255 159 223 128 56 140 54 50 61 255 233 246 255 233 246 255 233 246 130 59 142 0 221 226 238 236 57 242 237 54 242 237 54 255 159 223 255 159 223 128 56 140 128 56 140 255 233 246 255 233 246 255 233 246 255 233 246 255 233 246 255 233 246 255 233 246 57 53 64 57 53 64 255 233 246 255 233 246 255 233 246 255 233 246 255 233 246 255 233 246 255 233 246 255 233 246 255 233 246 57 53 64 57 53 64 255 233 246 255 233 246 255 233 246 54 50 61 0 0 0 0 0 0
0 0 0 0 0 0 0 0 0 128 56 140 0 221 226 0 221 226 0 221 226 242 237 54 242 237 54 242 237 54 255 159 223 255 159 223 128 56 140 54 50 61 255 233 246 255 233 246 255 233 246 255 233 246 128 56 140 128 56 140 128 56 140 128 56 140 129 58 141 129 58 141 255 233 246 255 233 246 255 233 246 255 233 246 255 233 246 255 233 246 255 233 246 255 233 246 57 53 64 252 230 243 252 230 243 57 53 64 255 233 246 255 233 246 255 233 246 255 233 246 255 233 246 255 233 246 255 233 246 57 53 64 255 233 246 255 233 246 57 53 64 255 233 246 255 233 246 54 50 61 0 0 0 0 0 0
0 0 0 0 0 0 0 0 0 127 56 140 0 221 226 0 221 226 239 237 56 242 237 54 242 237 54 255 160 221 255 159 223 255 159 223 54 50 62 251 229 242 255 233 246 255 233 246 255 233 246 255 233 246 255 233 246 255 233 246 255 233 246 255 233 246 253 231 245 253 231 245 255 233 246 255 233 246 255 233 246 255 233 246 255 233 246 255 233 246 255 233 246 255 233 246 54 50 61 255 233 246 255 233 246 54 50 61 255 233 246 255 233 246 255 233 246 255 233 246 255 233 246 255 233 246 255 233 246 54 50 61 255 233 246 255 233 246 54 50 61 255 233 246 255 233 246 54 50 61 0 0 0 0 0 0
0 0 0 127 56 140 127 56 140 2 221 226 0 221 226 0 221 226 242 237 54 242 237 54 242 237 54 255 159 223 255 160 223 255 159 223 54 50 61 255 233 246 255 233 246 255 233 246 255 233 246 255 233 246 255 233 246 255 233 246 255 233 246 255 233 246 255 233 246 255 233 246 255 233 246 255 233 246 255 233 246 255 233 246 255 233 246 255 233 246 255 233 246 255 233 246 253 231 244 255 233 246 255 233 246 253 231 244 255 233 246 255 233 246 255 160 223 255 160 223 255 160 223 255 233 246 255 233 246 255 233 246 255 233 246 255 233 246 255 233 246 255 233 246 255 233 246 54 50 61 0 0 0 0 0 0
127 56 140 0 221 226 127 56 140 2 221 226 0 221 226 0 221 226 242 237 54 242 237 54 242 237 54 255 159 223 255 159 223 255 159 223 54 50 61 255 233 246 255 233 246 255 233 246 255 233 246 255 233 246 255 233 246 255 233 246 255 233 246 255 233 246 255 233 246 255 233 246 255 233 246 255 233 246 255 233 246 56 52 63 56 52 63 56 52 63 56 52 63 255 233 246 255 233 246 255 233 246 255 233 246 255 233 246 255 233 246 255 233 246 255 233 246 255 159 223 255 233 246 255 233 246 255 233 246 255 233 246 255 233 246 255 233 246 255 233 246 255 233 246 56 52 63 54 50 61 54 50 61 54 50 61
127 56 140 0 221 226 0 221 226 0 221 226 0 221 226 242 237 54 242 237 54 242 237 54 255 159 223 255 159 223 255 159 223 255 159 223 54 50 61 255 233 246 255 233 246 255 233 246 255 233 246 255 233 246 255 233 246 255 233 246 255 233 246 255 233 246 255 233 246 255 233 246 255 233 246 255 233 246 255 233 246 255 233 246 255 233 246 255 233 246 255 233 246 255 233 246 255 233 246 255 233 246 255 233 246 255 233 246 56 52 63 255 233 246 255 233 246 56 51 63 255 233 246 255 233 246 56 52 63 255 233 246 255 233 246 255 233 246 255 233 246 255 233 246 255 233 246 54 50 61 85 85 85 85 85 85
85 85 170 126 58 141 0 221 226 0 221 226 242 237 54 242 237 54 242 237 56 255 160 223 255 160 223 255 159 223 255 159 223 129 57 141 54 50 61 255 233 246 255 233 246 255 233 246 255 233 246 255 233 246 255 233 246 255 233 246 255 233 246 255 233 246 255 233 246 255 233 246 255 233 246 255 233 246 255 233 246 255 233 246 56 52 63 56 52 63 56 52 63 255 233 246 255 233 246 255 233 246 255 233 246 255 233 246 253 231 244 56 52 63 56 52 63 253 231 244 56 52 63 56 52 63 253 231 244 255 233 246 255 233 246 255 233 246 255 233 246 255 233 246 56 52 63 54 50 61 54 50 61 0 0 0
0 0 0 128 0 128 125 58 141 125 58 141 255 159 223 255 159 223 255 160 221 255 159 223 255 159 223 255 159 223 128 57 141 128 0 128 54 50 61 255 233 246 255 233 246 255 233 246 255 233 246 255 233 246 255 233 246 255 233 246 255 233 246 255 233 246 255 233 246 255 233 246 255 233 246 255 233 246 255 233 246 255 233 246 253 231 244 253 231 244 253 231 244 255 233 246 255 233 246 255 233 246 255 233 246 255 233 246 255 233 246 253 231 244 253 231 244 255 233 246 253 231 244 253 231 244 255 233 246 255 233 246 255 233 246 255 233 246 255 233 246 255 233 246 54 50 61 0 0 0 0 0 0 0 0 0
0 0 0 0 0 0 128 0 128 128 0 128 128 57 141 128 57 141 128 57 141 128 57 141 128 57 141 128 57 141 128 0 128 0 0 0 54 50 61 255 233 246 255 233 246 255 233 246 255 233 246 255 233 246 255 233 246 255 233 246 255 233 246 255 233 246 255 233 246 255 233 246 255 233 246 255 233 246 255 233 246 255 233 246 255 233 246 255 233 246 255 233 246 255 233 246 255 233 246 255 233 246 255 233 246 255 233 246 255 233 246 255 233 246 255 233 246 255 233 246 255 233 246 255 233 246 255 233 246 255 233 246 255 233 246 255 233 246 255 233 246 56 52 63 0 0 0 0 0 0 0 0 0 0 0 0
0 0 0 0 0 0 0 0 0 0 0 0 128 0 128 128 0 128 128 0 128 128 0 128 128 0 128 128 0 128 0 0 0 0 0 0 54 50 61 255 233 246 255 233 246 255 233 246 255 233 246 255 233 246 255 233 246 255 233 246 255 233 246 255 233 246 255 233 246 255 233 246 255 233 246 255 233 246 255 233 246 255 233 246 255 233 246 255 233 246 255 233 246 255 233 246 255 233 246 255 233 246 255 233 246 255 233 246 255 233 246 255 233 246 255 233 246 255 233 246 255 233 246 255 233 246 255 233 246 255 233 246 255 233 246 255 233 246 255 233 246 54 50 61 0 0 0 0 0 0 0 0 0 0 0 0
0 0 0 0 0 0 0 0 0 0 0 0 0 0 0 0 0 0 0 0 0 0 0 0 0 0 0 0 0 0 0 0 0 0 0 0 54 50 61 255 233 246 255 233 246 255 233 246 255 233 246 255 233 246 255 233 246 255 233 246 255 233 246 255 233 246 255 233 246 255 233 246 255 233 246 255 233 246 255 233 246 255 233 246 255 233 246 255 233 246 255 233 246 255 233 246 255 233 246 255 233 246 255 233 246 255 233 246 255 233 246 255 233 246 255 233 246 255 233 246 255 233 246 255 233 246 255 233 246 255 233 246 255 233 246 255 233 246 56 52 63 0 0 0 0 0 0 0 0 0 0 0 0 0 0 0
0 0 0 0 0 0 0 0 0 0 0 0 0 0 0 152 213 237 148 214 239 0 0 0 0 0 0 0 0 0 0 0 0 0 0 0 54 50 61 255 233 246 255 233 246 255 233 246 255 233 246 255 233 246 255 233 246 255 233 246 255 233 246 255 233 246 255 233 246 255 233 246 255 233 246 255 233 246 255 233 246 255 233 246 255 233 246 255 233 246 255 233 246 255 233 246 255 233 246 255 233 246 255 233 246 255 233 246 255 233 246 255 233 246 255 233 246 255 233 246 255 233 246 255 233 246 255 233 246 255 233 246 255 233 246 255 233 246 54 50 61 0 0 0 0 0 0 0 0 0 0 0 0 0 0 0
0 0 0 0 0 0 0 0 0 149 212 234 152 213 236 151 214 239 152 214 237 150 211 238 0 0 0 0 0 0 0 0 0 0 0 0 54 50 61 255 233 246 255 233 246 255 233 246 255 233 246 255 233 246 255 233 246 255 233 246 255 233 246 255 233 246 255 233 246 255 233 246 255 233 246 255 233 246 255 233 246 255 233 246 255 233 246 255 233 246 255 233 246 255 233 246 255 233 246 255 233 246 255 233 246 255 233 246 255 233 246 255 233 246 255 233 246 255 233 246 255 233 246 255 233 246 255 233 246 255 233 246 255 233 246 56 52 63 0 0 0 0 0 0 0 0 0 0 0 0 0 0 0 0 0 0
0 0 0 0 0 0 0 0 0 142 227 227 151 214 236 152 212 237 153 213 237 153 211 240 0 0 0 0 0 0 0 0 0 54 50 61 254 232 245 255 233 246 255 233 246 255 233 246 255 233 246 255 233 246 255 233 246 255 233 246 255 233 246 255 233 246 255 233 246 255 233 246 255 233 246 255 233 246 255 233 246 255 233 246 255 233 246 255 233 246 255 233 246 255 233 246 255 233 246 255 233 246 255 233 246 255 233 246 255 233 246 255 233 246 255 233 246 255 233 246 255 233 246 255 233 246 255 233 246 255 233 246 55 51 62 0 0 0 0 0 0 0 0 0 0 0 0 255 235 255 255 234 255 0 0 0
0 0 0 0 0 0 0 0 0 0 0 0 0 0 0 151 213 237 153 214 235 0 0 0 0 0 0 0 0 0 54 50 61 254 232 245 255 233 246 255 233 246 54 50 61 54 50 61 255 233 246 255 233 246 255 233 246 255 233 246 255 233 246 255 233 246 255 233 246 255 233 246 255 233 246 255 233 246 255 233 246 255 233 246 255 233 246 255 233 246 255 233 246 255 233 246 255 233 246 255 233 246 255 233 246 255 233 246 255 233 246 255 233 246 255 233 246 255 233 246 255 233 246 255 233 246 255 233 246 255 233 246 54 50 61 0 0 0 0 0 0 0 0 0 0 0 0 255 232 245 255 232 247 0 0 0
0 0 0 0 0 0 255 157 216 255 158 224 0 0 0 0 0 0 0 0 0 0 0 0 0 0 0 54 50 61 254 232 245 255 233 246 255 233 246 54 50 61 0 0 0 0 0 0 54 50 61 55 51 62 55 51 62 255 233 246 255 233 246 255 233 246 255 233 246 255 233 246 255 233 246 255 233 246 255 233 246 255 233 246 255 233 246 255 233 246 54 50 61 255 233 246 255 233 246 255 233 246 54 50 61 255 233 246 255 233 246 255 233 246 255 233 246 255 233 246 255 233 246 55 51 62 255 233 246 255 233 246 255 233 246 54 50 61 0 0 0 0 0 0 0 0 0 0 0 0 0 0 0 0 0 0
0 0 0 0 0 0 255 159 223 255 158 223 0 0 0 0 0 0 0 0 0 0 0 0 0 0 0 54 50 61 255 233 246 255 233 246 54 50 61 0 0 0 0 0 0 0 0 0 0 0 0 0 0 0 0 0 0 54 50 61 55 51 62 255 233 246 255 233 246 255 233 246 255 233 246 255 233 246 255 233 246 255 233 246 255 233 246 255 233 246 255 233 246 54 50 61 255 233 246 255 233 246 255 233 246 54 50 61 255 233 246 255 233 246 255 233 246 55 51 62 55 51 62 0 0 0 55 51 62 255 233 246 255 233 246 255 233 246 54 50 61 0 0 0 0 0 0 0 0 0 0 0 0 0 0 0
0 0 0 0 0 0 0 0 0 0 0 0 0 0 0 0 0 0 0 0 0 0 0 0 0 0 0 0 0 0 54 50 61 54 50 61 0 0 0 0 0 0 0 0 0 0 0 0 0 0 0 0 0 0 54 50 61 254 232 245 254 232 245 255 233 246 54 50 61 54 50 61 54 50 61 54 50 61 54 50 61 54 50 61 54 50 61 54 50 61 54 50 61 54 50 61 54 50 61 255 233 246 255 233 246 255 233 246 55 51 62 55 51 62 55 51 62 0 0 0 0 0 0 0 0 0 0 0 0 55 51 62 255 233 246 255 233 246 54 50 61 0 0 0 0 0 0 151 213 238 152 213 236 0 0 0
0 0 0 0 0 0 0 0 0 0 0 0 0 0 0 0 0 0 0 0 0 0 0 0 0 0 0 0 0 0 0 0 0 0 0 0 0 0 0 0 0 0 0 0 0 0 0 0 0 0 0 0 0 0 54 50 61 255 233 246 255 233 246 54 50 61 0 0 0 0 0 0 0 0 0 0 0 0 0 0 0 0 0 0 0 0 0 0 0 0 0 0 0 0 0 0 0 0 0 54 50 61 255 233 246 255 233 246 54 50 61 0 0 0 0 0 0 0 0 0 0 0 0 0 0 0 0 0 0 0 0 0 54 50 61 54 50 61 0 0 0 0 0 0 0 0 0 146 219 237 157 216 235 0 0 0
0 0 0 0 0 0 0 0 0 0 0 0 0 0 0 0 0 0 0 0 0 0 0 0 0 0 0 0 0 0 0 0 0 0 0 0 0 0 0 0 0 0 0 0 0 0 0 0 0 0 0 0 0 0 0 0 0 54 50 61 54 50 61 0 0 0 0 0 0 0 0 0 0 0 0 0 0 0 0 0 0 0 0 0 0 0 0 0 0 0 0 0 0 0 0 0 0 0 0 0 0 0 54 50 61 54 50 61 0 0 0 0 0 0 0 0 0 0 0 0 0 0 0 0 0 0 0 0 0 0 0 0 0 0 0 0 0 0 0 0 0 0 0 0 0 0 0 0 0 0 0 0 0 0 0 0
