0 0 0 0 0 0 246 234 143 246 234 142 249 165 139 249 165 139 246 234 143 223 210 116 246 234 143 246 234 142 224 211 117 223 210 117 188 125 106 246 234 143 246 234 143 223 210 116 223 210 117 223 210 116 188 125 107 188 125 106 246 234 143 246 234 142 188 125 106 188 126 107 246 234 142 0 0 0 0 0 0 201 103 76 201 103 76 255 125 86 250 176 155 249 175 154
0 0 0 0 0 0 246 235 143 246 234 142 249 166 140 246 234 143 223 210 116 246 234 142 246 234 142 246 234 143 223 210 116 223 210 116 188 125 106 246 235 143 223 210 116 223 210 116 223 210 116 188 126 107 188 125 106 246 234 143 246 234 142 188 125 107 189 126 107 246 234 143 0 0 0 0 0 0 200 103 76 200 103 76 255 125 86 249 175 154 249 176 155 249 175 154
0 0 0 0 0 0 246 234 142 249 166 140 249 165 139 246 234 142 223 210 116 246 235 143 246 234 143 223 210 116 223 210 117 188 126 107 246 234 142 223 210 116 223 210 117 224 211 117 188 125 107 189 126 107 246 234 142 246 234 142 188 126 107 188 125 107 246 234 142 246 234 142 0 0 0 200 102 75 255 125 86 255 126 87 249 175 154 249 175 154 249 175 154 249 176 155
0 0 0 0 0 0 249 165 139 249 165 140 246 234 142 223 210 117 246 234 143 246 234 142 223 210 116 223 210 116 188 125 106 246 234 143 223 210 116 223 211 117 223 210 116 188 126 107 188 125 106 246 234 142 246 234 143 188 125 106 246 234 142 246 234 143 246 234 142 0 0 0 200 103 76 255 125 86 255 126 87 249 175 154 249 176 155 249 176 155 249 175 154 249 175 154
0 0 0 0 0 0 249 166 140 246 234 142 246 234 143 223 210 116 246 234 143 246 234 142 223 211 117 188 125 106 246 234 143 246 234 142 223 210 117 223 210 116 188 125 106 188 125 107 246 234 142 246 234 143 188 125 106 246 234 143 246 234 143 0 0 0 0 0 0 200 103 76 255 125 86 244 145 117 244 144 116 249 175 154 249 175 154 249 175 154 249 175 154 249 175 154
0 0 0 0 0 0 246 234 142 246 234 142 223 210 117 246 234 142 246 234 142 223 210 116 223 210 116 246 235 143 246 234 142 255 234 59 224 211 117 188 125 106 188 126 107 246 235 143 246 234 142 188 125 107 246 235 143 246 234 142 0 0 0 0 0 0 200 102 75 255 126 87 244 144 116 245 145 117 249 175 154 249 175 154 249 175 154 249 176 155 249 176 155 249 175 154
0 0 0 0 0 0 0 0 0 246 234 143 223 210 116 246 234 143 224 211 117 223 210 117 188 126 107 246 234 142 255 234 59 188 125 106 188 126 107 246 234 142 246 234 142 246 234 142 188 126 107 246 234 142 246 234 142 0 0 0 0 0 0 255 126 87 255 125 87 244 145 117 244 144 116 244 144 116 249 175 154 249 176 155 249 175 154 249 175 154 249 175 154 244 198 185
0 0 0 0 0 0 0 0 0 223 210 116 246 234 143 246 234 142 223 210 116 188 125 106 246 234 142 246 234 142 189 126 107 188 125 107 246 234 142 246 234 142 246 234 143 188 125 106 246 234 143 246 234 142 0 0 0 0 0 0 255 125 86 255 126 87 244 144 116 244 144 116 244 145 117 249 175 154 244 145 117 249 175 154 249 176 155 249 175 154 244 199 185 244 198 185
0 0 0 0 0 0 0 0 0 246 234 142 246 234 142 246 234 143 223 210 116 223 210 117 246 234 142 188 126 107 188 125 106 246 234 143 246 235 143 246 234 143 246 234 142 246 234 143 246 234 142 0 0 0 0 0 0 255 125 87 255 125 86 244 145 117 244 144 116 249 176 155 249 175 154 249 175 154 249 175 154 249 175 154 249 175 154 249 175 154 244 198 185 244 198 185
0 0 0 0 0 0 0 0 0 246 234 142 246 234 143 223 210 116 188 126 107 246 234 142 255 235 59 246 234 142 246 234 142 246 234 143 246 234 142 246 234 142 246 234 142 0 0 0 0 0 0 255 126 87 255 126 87 255 125 86 244 144 116 244 145 117 249 175 154 249 175 154 249 176 155 249 175 154 249 176 154 249 176 155 249 175 154 244 199 186 244 198 185 244 198 185
0 0 0 0 0 0 0 0 0 246 234 142 224 211 117 223 210 116 224 211 117 246 234 142 246 234 143 246 234 142 206 138 119 246 234 143 246 234 142 0 0 0 0 0 0 255 125 86 255 125 86 255 125 86 255 125 86 244 145 117 249 175 154 249 176 155 249 175 154 249 176 154 249 175 154 249 175 154 249 176 155 249 175 154 249 175 154 244 198 185 244 199 185 244 198 185
0 0 0 0 0 0 0 0 0 246 234 142 223 210 116 188 126 107 246 234 142 246 234 142 246 234 143 206 139 120 246 234 143 246 234 142 0 0 0 0 0 0 61 60 61 61 60 61 61 60 61 61 60 61 61 60 61 61 60 61 249 175 154 249 176 155 249 175 154 249 176 155 249 175 154 249 175 154 249 175 154 249 175 154 249 176 155 244 198 185 244 198 185 244 198 185
0 0 0 0 0 0 0 0 0 223 211 117 188 125 107 223 210 116 246 234 143 246 234 142 206 138 119 246 234 142 246 234 142 0 0 0 60 59 60 61 60 61 60 59 60 61 60 61 60 59 60 61 60 61 60 59 60 61 60 61 60 59 60 60 59 60 249 175 154 249 175 154 249 175 154 249 176 155 249 175 154 249 176 155 244 198 185 244 198 185 244 199 186 244 198 185
0 0 0 0 0 0 0 0 0 223 210 116 223 210 116 246 234 143 246 234 142 246 235 143 246 234 142 0 0 0 0 0 0 255 125 86 244 145 117 249 175 154 249 175 154 249 175 154 249 176 155 249 175 154 249 175 154 61 60 61 61 60 61 61 60 61 61 60 61 249 176 155 249 175 154 249 176 155 249 175 154 249 175 154 244 198 185 244 198 185 244 198 185 244 198 185
0 0 0 0 0 0 0 0 0 223 210 117 246 234 142 246 234 142 246 234 143 0 0 0 0 0 0 255 126 87 255 125 87 244 144 116 244 145 117 244 144 116 249 176 155 249 175 154 249 175 154 249 175 154 249 176 155 249 176 154 249 175 154 61 60 61 60 59 60 61 60 61 61 60 61 249 175 154 249 175 154 249 175 154 245 199 186 244 198 185 244 198 185 244 199 186
0 0 0 0 0 0 0 0 0 246 234 143 246 235 143 0 0 0 0 0 0 200 103 76 255 125 86 255 126 87 244 144 116 244 145 117 244 144 116 244 145 117 244 144 116 244 144 116 249 176 155 249 175 154 249 175 154 249 175 154 249 175 154 249 175 154 249 175 154 61 60 61 61 60 61 61 60 61 249 175 154 249 176 155 244 198 185 244 198 185 244 198 185 244 198 185
0 0 0 0 0 0 0 0 0 0 0 0 0 0 0 200 103 75 200 102 75 200 103 76 200 103 76 221 132 110 255 125 86 244 145 117 244 144 116 244 144 116 244 145 117 244 144 116 244 144 116 244 145 117 249 175 154 249 175 154 249 176 155 249 175 154 249 176 155 249 175 154 61 60 61 60 59 60 61 60 61 249 175 154 249 175 154 244 199 186 244 198 185 244 199 185
255 204 209 0 0 0 0 0 0 0 0 0 255 125 87 200 102 75 201 103 76 61 60 61 0 0 0 200 103 76 201 103 76 61 60 61 60 59 60 61 60 61 61 60 61 61 60 61 61 60 61 60 59 60 244 145 117 249 176 155 249 175 154 249 175 154 249 175 154 249 176 155 249 175 154 61 60 61 60 59 60 60 59 60 249 175 154 249 175 154 249 175 154 244 198 185
255 204 209 0 0 0 0 0 0 0 0 0 255 126 87 216 120 95 200 102 75 61 60 61 0 0 0 60 59 60 61 60 61 60 59 60 61 60 61 61 60 61 178 101 80 178 101 80 61 60 61 61 60 61 60 59 60 61 60 61 244 145 117 249 175 154 249 175 154 249 175 154 249 175 154 249 175 154 60 59 60 61 60 61 61 60 61 61 60 61 249 175 154 249 175 154
255 204 209 0 0 0 0 0 0 0 0 0 244 144 116 216 119 94 216 119 94 200 103 76 0 0 0 0 0 0 0 0 0 0 0 0 0 0 0 0 0 0 0 0 0 178 102 81 178 101 80 178 102 81 61 60 61 61 60 61 60 59 60 61 60 61 244 145 117 249 175 154 250 176 155 249 175 154 249 176 155 61 60 61 60 59 60 60 59 60 61 60 61 249 175 154
255 205 210 0 0 0 0 0 0 0 0 0 244 145 117 244 145 117 217 120 95 216 119 94 216 119 94 61 60 61 0 0 0 80 138 82 0 0 0 0 0 0 0 0 0 0 0 0 0 0 0 178 101 80 178 101 80 179 102 81 179 102 81 60 59 60 61 60 61 60 59 60 60 59 60 249 175 154 249 175 154 249 175 154 61 60 61 61 60 61 61 60 61 61 60 61
255 204 209 0 0 0 0 0 0 0 0 0 244 144 116 244 144 116 244 144 116 216 120 95 217 120 95 60 59 60 0 0 0 101 175 104 0 0 0 0 0 0 58 58 58 59 59 59 0 0 0 0 0 0 0 0 0 0 0 0 178 102 81 178 101 80 178 102 81 178 102 81 61 60 61 61 60 61 249 175 154 221 133 111 61 60 61 60 59 60 60 59 60 61 60 61
255 204 209 0 0 0 0 0 0 0 0 0 244 145 117 244 145 117 244 144 116 244 144 116 216 119 94 216 120 95 61 60 61 102 176 105 0 0 0 0 0 0 163 157 163 137 214 139 79 137 81 80 138 82 0 0 0 0 0 0 0 0 0 0 0 0 179 102 81 179 102 81 178 101 80 61 60 61 60 59 60 200 103 76 200 102 75 61 60 61 61 60 61 60 59 60
255 204 209 0 0 0 0 0 0 0 0 0 244 144 116 244 145 117 244 144 116 245 145 117 244 144 116 255 126 87 60 59 60 61 60 61 102 175 105 102 175 105 101 175 104 102 175 105 101 175 104 0 0 0 0 0 0 255 255 255 255 234 237 0 0 0 0 0 0 0 0 0 178 102 81 179 102 81 178 101 80 61 60 61 60 59 60 200 103 76 61 60 61 61 60 61
255 205 210 0 0 0 0 0 0 0 0 0 244 145 116 244 144 116 244 145 117 244 144 116 244 144 116 255 126 87 255 125 86 61 60 61 60 59 60 102 176 105 101 175 104 102 176 105 101 175 104 0 0 0 255 255 255 255 255 255 255 255 255 255 255 255 255 235 238 0 0 0 0 0 0 0 0 0 178 102 81 178 101 80 61 60 61 200 103 76 200 102 75 255 126 87
255 204 209 0 0 0 0 0 0 0 0 0 244 144 116 244 144 116 244 145 117 244 145 117 244 144 116 244 145 117 255 125 86 255 125 86 61 60 61 60 59 60 0 0 0 0 0 0 0 0 0 0 0 0 255 255 255 255 255 255 255 255 255 255 255 255 255 255 255 255 234 237 255 234 237 0 0 0 0 0 0 178 102 80 178 102 81 60 59 60 200 102 75 255 125 87
255 204 209 0 0 0 0 0 0 0 0 0 0 0 0 244 145 117 249 175 154 249 175 154 244 145 117 244 144 116 244 145 117 255 125 87 255 126 87 61 60 61 60 59 60 0 0 0 255 255 255 255 255 255 255 255 255 255 255 255 255 255 255 255 255 255 255 255 255 255 255 255 255 234 237 255 235 238 0 0 0 0 0 0 178 101 80 61 60 61 61 60 61 201 103 76
255 204 209 255 204 209 0 0 0 0 0 0 0 0 0 244 144 116 249 175 154 249 176 155 249 175 154 244 144 116 244 144 116 255 126 87 255 125 86 255 126 87 255 125 87 61 60 61 61 60 61 255 234 237 255 255 255 255 255 255 255 255 255 255 255 255 255 255 255 255 255 255 255 255 255 255 255 255 249 214 219 0 0 0 0 0 0 178 102 81 60 59 60 60 59 60
255 204 209 255 205 209 0 0 0 0 0 0 0 0 0 244 145 117 249 175 154 249 175 154 249 176 154 249 175 154 249 176 155 244 144 116 244 144 116 255 126 87 255 125 86 255 125 86 60 59 60 61 60 61 255 234 237 255 234 237 255 234 237 255 234 237 255 234 237 255 235 238 255 234 237 249 214 219 249 214 219 249 214 219 0 0 0 0 0 0 61 60 61 61 60 61
255 205 210 255 204 209 0 0 0 0 0 0 0 0 0 244 144 116 249 176 155 249 175 154 249 176 155 249 175 154 249 175 154 249 175 154 244 145 117 244 144 116 244 144 116 255 126 87 255 125 86 61 60 61 60 59 60 61 60 61 61 60 61 61 60 61 60 59 60 61 60 61 60 59 60 60 59 60 61 60 61 60 59 60 61 60 61 0 0 0 61 60 61 61 60 61
255 204 209 255 204 209 0 0 0 0 0 0 0 0 0 244 145 117 249 175 154 249 175 154 244 198 185 249 175 154 249 175 154 250 176 155 249 175 154 249 176 155 249 175 154 244 145 117 244 145 117 255 125 86 255 125 86 255 126 87 255 125 86 255 125 87 255 125 86 255 126 87 255 125 86 255 125 86 255 126 87 61 60 61 61 60 61 61 60 61 60 59 60 249 175 154
255 205 210 255 204 209 0 0 0 0 0 0 0 0 0 244 144 116 244 144 116 249 175 154 244 199 186 244 198 185 244 198 185 244 198 185 249 175 154 249 175 154 244 198 185 249 175 154 244 144 116 244 144 116 244 145 117 244 144 116 244 145 117 244 145 117 244 144 116 245 145 117 244 145 117 244 145 117 244 144 116 244 144 116 244 144 116 249 176 155 249 175 154 249 176 154
