62 33 56 62 33 56 62 33 56 0 0 0 0 0 0 0 0 0 0 0 0 0 0 0 0 0 0 0 0 0 0 0 0 62 33 56 62 33 56 62 33 56 0 0 0 0 0 0 0 0 0 0 0 0 0 0 0 0 0 0 0 0 0 0 0 0 0 0 0 0 0 0 0 0 0 0 0 0 0 0 0 0 0 0
62 33 56 249 179 172 62 33 56 62 33 56 0 0 0 0 0 0 0 0 0 0 0 0 0 0 0 0 0 0 62 33 56 62 33 56 249 179 172 62 33 56 62 33 56 0 0 0 0 0 0 0 0 0 0 0 0 0 0 0 0 0 0 0 0 0 0 0 0 0 0 0 0 0 0 0 0 0 0 0 0 0 0 0
62 33 56 249 179 172 249 179 172 62 33 56 62 33 56 0 0 0 0 0 0 0 0 0 0 0 0 62 33 56 62 33 56 249 179 172 249 179 172 249 179 172 62 33 56 0 0 0 0 0 0 0 0 0 0 0 0 0 0 0 0 0 0 0 0 0 0 0 0 0 0 0 0 0 0 0 0 0 0 0 0 0 0 0
62 33 56 249 179 172 249 179 172 62 33 56 62 33 56 0 0 0 0 0 0 0 0 0 0 0 0 62 33 56 62 33 56 249 179 172 249 179 172 249 179 172 62 33 56 0 0 0 0 0 0 0 0 0 0 0 0 0 0 0 0 0 0 0 0 0 0 0 0 0 0 0 0 0 0 0 0 0 0 0 0 0 0 0
62 33 56 249 179 172 249 179 172 249 179 172 62 33 56 62 33 56 0 0 0 0 0 0 0 0 0 62 33 56 62 33 56 249 179 172 249 179 172 249 179 172 62 33 56 0 0 0 0 0 0 0 0 0 0 0 0 0 0 0 0 0 0 0 0 0 0 0 0 0 0 0 0 0 0 0 0 0 0 0 0 0 0 0
62 33 56 249 179 172 249 179 172 249 179 172 62 33 56 62 33 56 0 0 0 0 0 0 62 33 56 62 33 56 249 179 172 249 179 172 249 179 172 249 179 172 62 33 56 0 0 0 0 0 0 0 0 0 0 0 0 0 0 0 0 0 0 0 0 0 0 0 0 0 0 0 0 0 0 0 0 0 0 0 0 0 0 0
62 33 56 249 179 172 249 179 172 62 33 56 62 33 56 62 33 56 62 33 56 62 33 56 62 33 56 233 143 22 62 33 56 249 179 172 249 179 172 249 179 172 62 33 56 0 0 0 0 0 0 0 0 0 0 0 0 0 0 0 0 0 0 0 0 0 0 0 0 0 0 0 0 0 0 0 0 0 0 0 0 0 0 0
0 0 0 62 33 56 62 33 56 233 143 22 169 97 27 62 33 56 62 33 56 62 33 56 233 143 22 233 143 22 233 143 22 62 33 56 249 179 172 249 179 172 62 33 56 0 0 0 0 0 0 0 0 0 0 0 0 0 0 0 0 0 0 0 0 0 0 0 0 0 0 0 0 0 0 0 0 0 0 0 0 0 0 0
0 0 0 62 33 56 233 143 22 233 143 22 169 97 27 169 97 27 169 97 27 169 97 27 233 143 22 233 143 22 233 143 22 233 143 22 62 33 56 249 179 172 62 33 56 0 0 0 0 0 0 0 0 0 0 0 0 0 0 0 0 0 0 0 0 0 0 0 0 0 0 0 0 0 0 0 0 0 0 0 0 0 0 0
0 0 0 62 33 56 233 143 22 233 143 22 233 143 22 169 97 27 233 143 22 233 143 22 233 143 22 233 143 22 233 143 22 233 143 22 233 143 22 62 33 56 62 33 56 0 0 0 0 0 0 0 0 0 0 0 0 0 0 0 0 0 0 0 0 0 0 0 0 0 0 0 0 0 0 0 0 0 0 0 0 0 0 0
62 33 56 233 143 22 233 143 22 233 143 22 233 143 22 233 143 22 233 143 22 233 143 22 233 143 22 233 143 22 233 143 22 233 143 22 233 143 22 62 33 56 62 33 56 0 0 0 0 0 0 0 0 0 0 0 0 0 0 0 0 0 0 0 0 0 0 0 0 0 0 0 0 0 0 0 0 0 0 0 0 0 0 0
62 33 56 233 143 22 83 38 19 83 38 19 233 143 22 233 143 22 233 143 22 233 143 22 83 38 19 83 38 19 233 143 22 233 143 22 233 143 22 62 33 56 233 143 22 62 33 56 0 0 0 0 0 0 0 0 0 0 0 0 0 0 0 0 0 0 0 0 0 0 0 0 0 0 0 0 0 0 0 0 0 0 0 0
62 33 56 233 143 22 233 143 22 233 143 22 233 143 22 233 143 22 233 143 22 233 143 22 233 143 22 233 143 22 233 143 22 233 143 22 233 143 22 233 143 22 233 143 22 62 33 56 0 0 0 0 0 0 0 0 0 0 0 0 0 0 0 0 0 0 0 0 0 0 0 0 0 0 0 0 0 0 0 0 0 0 0 0
62 33 56 233 143 22 255 255 255 233 143 22 233 143 22 169 97 27 233 143 22 233 143 22 255 255 255 62 33 56 233 143 22 233 143 22 233 143 22 233 143 22 233 143 22 62 33 56 0 0 0 0 0 0 0 0 0 0 0 0 0 0 0 0 0 0 0 0 0 0 0 0 0 0 0 0 0 0 0 0 0 0 0 0
62 33 56 233 143 22 62 33 56 169 97 27 169 97 27 169 97 27 169 97 27 233 143 22 62 33 56 62 33 56 233 143 22 233 143 22 233 143 22 233 143 22 233 143 22 62 33 56 0 0 0 0 0 0 0 0 0 0 0 0 0 0 0 0 0 0 0 0 0 0 0 0 0 0 0 0 0 0 0 0 0 0 0 0
62 33 56 233 143 22 169 97 27 62 33 56 62 33 56 62 33 56 169 97 27 169 97 27 169 97 27 233 143 22 233 143 22 233 143 22 233 143 22 233 143 22 233 143 22 62 33 56 0 0 0 0 0 0 0 0 0 0 0 0 0 0 0 0 0 0 0 0 0 0 0 0 0 0 0 0 0 0 0 0 0 0 0 0
62 33 56 233 143 22 169 97 27 169 97 27 62 33 56 169 97 27 169 97 27 169 97 27 62 33 56 233 143 22 233 143 22 233 143 22 233 143 22 233 143 22 233 143 22 62 33 56 62 33 56 0 0 0 0 0 0 0 0 0 0 0 0 0 0 0 0 0 0 0 0 0 0 0 0 0 0 0 0 0 0 0 0 0
62 33 56 233 143 22 169 97 27 62 33 56 62 33 56 62 33 56 62 33 56 62 33 56 169 97 27 233 143 22 233 143 22 233 143 22 233 143 22 233 143 22 62 33 56 62 33 56 62 33 56 62 33 56 62 33 56 62 33 56 0 0 0 0 0 0 0 0 0 0 0 0 0 0 0 0 0 0 0 0 0 0 0 0
0 0 0 62 33 56 233 143 22 169 97 27 169 97 27 169 97 27 169 97 27 169 97 27 233 143 22 233 143 22 233 143 22 233 143 22 233 143 22 233 143 22 62 33 56 62 33 56 62 33 56 62 33 56 62 33 56 62 33 56 62 33 56 62 33 56 0 0 0 0 0 0 0 0 0 0 0 0 0 0 0 0 0 0
0 0 0 62 33 56 62 33 56 233 143 22 233 143 22 233 143 22 233 143 22 233 143 22 233 143 22 233 143 22 233 143 22 233 143 22 233 143 22 62 33 56 62 33 56 62 33 56 62 33 56 62 33 56 62 33 56 62 33 56 62 33 56 62 33 56 62 33 56 0 0 0 0 0 0 0 0 0 0 0 0 0 0 0
0 0 0 0 0 0 62 33 56 62 33 56 233 143 22 233 143 22 233 143 22 233 143 22 233 143 22 233 143 22 62 33 56 62 33 56 62 33 56 62 33 56 62 33 56 62 33 56 62 33 56 62 33 56 62 33 56 62 33 56 62 33 56 62 33 56 62 33 56 62 33 56 0 0 0 0 0 0 0 0 0 0 0 0
0 0 0 0 0 0 0 0 0 62 33 56 233 143 22 233 143 22 233 143 22 233 143 22 233 143 22 62 33 56 62 33 56 62 33 56 62 33 56 62 33 56 62 33 56 62 33 56 62 33 56 62 33 56 62 33 56 233 143 22 233 143 22 233 143 22 62 33 56 62 33 56 0 0 0 0 0 0 0 0 0 0 0 0
0 0 0 0 0 0 0 0 0 62 33 56 62 33 56 233 143 22 233 143 22 233 143 22 233 143 22 233 143 22 233 143 22 233 143 22 233 143 22 233 143 22 62 33 56 62 33 56 62 33 56 62 33 56 233 143 22 233 143 22 233 143 22 233 143 22 62 33 56 62 33 56 62 33 56 0 0 0 0 0 0 0 0 0
0 0 0 0 0 0 0 0 0 0 0 0 62 33 56 62 33 56 233 143 22 233 143 22 233 143 22 233 143 22 233 143 22 233 143 22 233 143 22 233 143 22 233 143 22 62 33 56 62 33 56 233 143 22 233 143 22 233 143 22 233 143 22 233 143 22 62 33 56 62 33 56 62 33 56 0 0 0 0 0 0 0 0 0
0 0 0 0 0 0 0 0 0 0 0 0 0 0 0 62 33 56 233 143 22 233 143 22 233 143 22 233 143 22 233 143 22 233 143 22 233 143 22 233 143 22 233 143 22 233 143 22 233 143 22 233 143 22 233 143 22 233 143 22 233 143 22 233 143 22 233 143 22 62 33 56 62 33 56 62 33 56 0 0 0 0 0 0
0 0 0 0 0 0 0 0 0 0 0 0 0 0 0 62 33 56 233 143 22 233 143 22 233 143 22 233 143 22 233 143 22 233 143 22 233 143 22 233 143 22 233 143 22 233 143 22 233 143 22 233 143 22 233 143 22 233 143 22 233 143 22 233 143 22 62 33 56 62 33 56 62 33 56 62 33 56 0 0 0 0 0 0
0 0 0 0 0 0 0 0 0 0 0 0 0 0 0 62 33 56 233 143 22 233 143 22 233 143 22 62 33 56 62 33 56 233 143 22 233 143 22 233 143 22 62 33 56 62 33 56 62 33 56 62 33 56 62 33 56 233 143 22 233 143 22 233 143 22 62 33 56 233 143 22 62 33 56 62 33 56 62 33 56 62 33 56
0 0 0 0 0 0 0 0 0 0 0 0 0 0 0 0 0 0 62 33 56 233 143 22 233 143 22 62 33 56 62 33 56 233 143 22 233 143 22 233 143 22 62 33 56 0 0 0 0 0 0 0 0 0 62 33 56 233 143 22 233 143 22 233 143 22 62 33 56 233 143 22 233 143 22 62 33 56 62 33 56 62 33 56
0 0 0 0 0 0 0 0 0 0 0 0 0 0 0 0 0 0 62 33 56 233 143 22 233 143 22 62 33 56 62 33 56 233 143 22 233 143 22 233 143 22 62 33 56 0 0 0 0 0 0 0 0 0 62 33 56 233 143 22 233 143 22 233 143 22 62 33 56 62 33 56 233 143 22 233 143 22 233 143 22 62 33 56
0 0 0 0 0 0 0 0 0 0 0 0 0 0 0 0 0 0 62 33 56 233 143 22 233 143 22 62 33 56 0 0 0 233 143 22 233 143 22 233 143 22 62 33 56 0 0 0 0 0 0 0 0 0 62 33 56 233 143 22 233 143 22 62 33 56 62 33 56 62 33 56 62 33 56 233 143 22 62 33 56 62 33 56
0 0 0 0 0 0 0 0 0 0 0 0 0 0 0 0 0 0 62 33 56 62 33 56 62 33 56 0 0 0 0 0 0 62 33 56 62 33 56 62 33 56 0 0 0 0 0 0 0 0 0 0 0 0 62 33 56 62 33 56 62 33 56 62 33 56 0 0 0 0 0 0 62 33 56 62 33 56 62 33 56 0 0 0
