95 204 227 94 204 227 95 204 227 94 204 227 95 204 227 94 204 227 95 204 227 94 204 227 95 204 227 94 204 227 95 205 228 95 204 227 94 204 227 95 204 227 95 204 227 94 204 227 95 205 227 94 204 227 95 204 227 94 204 227 95 204 227 94 204 227 94 204 227 95 204 227 94 204 227 94 204 227 94 204 227 95 205 228 95 205 227 94 204 227 95 205 228 94 204 227
94 204 227 94 204 227 95 205 228 94 204 227 95 204 227 95 205 228 94 204 227 95 204 227 94 204 227 95 205 227 94 204 227 94 204 227 94 204 227 95 205 228 94 204 227 94 204 227 94 204 227 95 204 227 94 204 227 95 205 228 94 204 227 95 204 227 95 205 228 95 204 227 94 204 227 95 205 227 95 204 227 94 204 227 94 204 227 95 204 227 95 204 227 94 204 227
94 204 227 95 204 227 94 204 227 95 205 227 94 204 227 94 204 227 94 204 227 95 205 228 95 204 227 94 204 227 95 204 227 95 204 227 95 204 227 94 204 227 95 204 227 95 205 228 95 204 227 95 205 228 94 204 227 95 204 227 95 205 227 94 204 227 94 204 227 202 218 251 255 255 255 255 255 255 94 204 227 202 218 251 94 204 227 94 204 227 94 204 227 95 205 228
95 205 227 95 204 227 94 204 227 95 204 227 94 204 227 95 204 227 95 204 227 94 204 227 95 204 227 94 204 227 94 204 227 95 205 228 94 204 227 95 205 227 94 204 227 95 204 227 94 204 227 94 204 227 95 204 227 94 204 227 94 204 227 95 204 227 202 218 251 255 255 255 255 255 255 255 255 255 255 255 255 255 255 255 203 218 251 95 205 227 95 204 227 94 204 227
94 204 227 94 204 227 95 205 228 94 204 227 95 205 228 94 204 227 95 205 227 94 204 227 95 205 227 94 204 227 95 204 227 94 204 227 95 204 227 94 204 227 94 204 227 63 63 116 94 204 227 95 205 227 94 204 227 95 204 227 95 204 227 95 205 228 94 204 227 95 204 227 94 204 227 95 204 227 94 204 227 94 204 227 94 204 227 94 204 227 94 204 227 95 204 227
94 204 227 95 204 227 95 204 227 94 204 227 95 204 227 94 204 227 95 204 227 94 204 227 202 218 251 203 218 251 202 218 251 94 204 227 95 205 228 94 204 227 95 204 227 34 32 52 94 204 227 95 204 227 95 205 228 94 204 227 94 204 227 94 204 227 94 204 227 95 205 227 94 204 227 95 205 228 94 204 227 95 204 227 95 204 227 95 204 227 95 205 228 94 204 227
94 204 227 94 204 227 95 204 227 95 204 227 94 204 227 95 204 227 95 205 228 202 218 251 255 255 255 255 255 255 255 255 255 255 255 255 202 218 251 255 255 255 255 255 255 34 32 52 95 204 227 94 204 227 94 204 227 95 204 227 94 204 227 95 205 228 95 204 227 95 204 227 94 204 227 95 204 227 94 204 227 95 204 227 94 204 227 94 204 227 94 204 227 94 204 227
202 218 251 95 205 228 202 218 251 94 204 227 203 218 251 94 204 227 202 218 251 255 255 255 255 255 255 255 255 255 255 255 255 255 255 255 255 255 255 255 255 255 34 32 52 154 172 182 34 32 52 94 204 227 202 218 251 95 205 227 202 218 251 95 204 227 202 218 251 94 204 227 202 218 251 95 204 227 203 218 251 94 204 227 203 218 251 95 204 227 203 218 251 95 204 227
94 204 227 202 218 251 95 205 227 202 218 251 95 204 227 203 218 251 94 204 227 63 63 116 94 204 227 203 218 251 94 204 227 202 218 251 95 205 228 202 218 251 34 32 52 255 255 255 34 32 51 202 218 251 94 204 227 202 218 251 94 204 227 203 218 251 94 204 227 63 63 116 94 204 227 202 218 251 94 204 227 202 218 251 95 204 227 202 218 251 94 204 227 202 218 251
202 218 251 94 204 227 202 218 251 94 204 227 202 218 251 94 204 227 202 218 251 34 32 51 203 218 251 95 204 227 202 218 251 95 204 227 202 218 251 34 32 52 154 172 182 255 255 255 155 173 183 34 32 52 203 219 252 94 204 227 202 218 251 95 204 227 202 218 251 34 32 52 203 218 251 94 204 227 202 218 251 95 204 227 202 218 251 95 205 228 202 218 251 95 204 227
95 205 228 202 218 251 95 205 227 202 218 251 95 205 228 202 218 251 95 205 228 34 32 51 95 204 227 202 218 251 94 204 227 203 218 251 34 32 51 155 173 183 255 255 255 255 255 255 255 255 255 154 172 182 34 32 51 202 218 251 94 204 227 203 218 251 94 204 227 34 32 52 94 204 227 202 218 251 95 205 228 202 218 251 94 204 227 202 218 251 95 204 227 202 218 251
202 218 251 94 204 227 63 63 116 94 204 227 202 218 251 95 204 227 63 63 115 154 172 182 63 63 116 95 204 227 203 218 251 34 32 52 202 218 251 255 255 255 255 255 255 255 255 255 255 255 255 255 255 255 202 218 251 34 32 52 202 218 251 95 204 227 62 62 115 155 173 183 63 63 115 94 204 227 202 218 251 95 204 227 63 63 116 94 204 227 202 218 251 95 204 227
95 205 227 202 218 251 34 32 52 203 218 251 95 204 227 62 62 115 202 218 251 255 255 255 202 218 251 62 62 115 94 204 227 34 32 52 202 218 251 255 255 255 255 255 255 255 255 255 255 255 255 255 255 255 202 218 251 34 32 52 94 204 227 62 62 115 202 218 251 255 255 255 202 218 251 63 63 116 255 255 255 202 218 251 33 31 51 202 218 251 95 205 227 202 218 251
202 218 251 34 32 52 155 173 183 33 31 51 202 218 251 34 32 52 154 172 182 255 255 255 154 172 182 34 32 52 203 219 252 34 32 51 155 173 182 63 63 115 33 31 51 63 63 116 34 32 52 62 62 115 154 172 182 34 32 52 255 255 255 34 32 52 155 173 183 255 255 255 154 172 182 34 32 52 255 255 255 34 32 52 154 172 182 34 32 51 202 218 251 94 204 227
33 31 51 202 218 251 255 255 255 202 218 251 34 32 51 202 218 251 34 32 52 34 32 51 34 32 52 202 218 251 95 204 227 202 218 251 34 32 52 202 218 251 155 173 183 255 255 255 154 172 182 202 218 251 34 32 52 255 255 255 255 255 255 255 255 255 34 32 51 34 32 52 34 32 52 255 255 255 34 32 51 202 218 251 255 255 255 202 218 251 34 32 52 203 218 251
63 63 116 154 172 182 255 255 255 154 172 182 63 63 116 94 204 227 63 63 116 154 172 182 62 62 115 95 205 227 202 218 251 95 204 227 62 62 115 63 63 116 34 32 51 63 63 115 34 32 52 62 62 115 63 63 115 94 204 227 202 218 251 94 204 227 62 62 115 154 172 182 63 63 116 95 204 227 63 63 115 155 173 183 255 255 255 155 173 182 62 62 115 95 204 227
202 218 251 63 63 116 34 32 52 62 62 115 202 218 251 202 218 251 62 62 115 34 32 52 34 32 52 33 31 51 34 32 52 63 63 116 154 172 182 202 218 251 255 255 255 255 255 255 255 255 255 202 218 251 154 172 182 63 63 115 34 32 52 34 32 52 34 32 52 34 32 51 63 63 115 202 218 251 202 218 251 63 63 115 34 32 52 63 63 116 202 218 251 203 218 251
202 218 251 34 32 51 154 172 182 34 32 52 202 218 251 202 218 251 63 63 116 155 173 183 255 255 255 255 255 255 155 173 182 34 32 52 202 218 251 255 255 255 255 255 255 255 255 255 255 255 255 255 255 255 202 218 251 34 32 52 154 172 182 255 255 255 255 255 255 155 173 182 62 62 115 203 218 251 202 218 251 33 31 51 154 172 182 34 32 51 202 218 251 202 218 251
202 218 251 34 32 51 203 218 251 33 31 51 202 218 251 202 218 251 33 31 51 255 255 255 33 31 51 34 32 51 255 255 255 33 31 51 255 255 255 255 255 255 255 255 255 255 255 255 255 255 255 255 255 255 255 255 255 34 32 52 255 255 255 34 32 52 34 32 52 255 255 255 34 32 52 202 218 251 202 218 251 34 32 52 202 218 251 34 32 52 202 218 251 202 218 251
202 218 251 34 32 52 154 172 182 34 32 52 202 218 251 202 218 251 34 32 51 255 255 255 63 63 116 63 63 116 255 255 255 34 32 52 255 255 255 255 255 255 63 63 116 34 32 52 62 62 115 255 255 255 255 255 255 34 32 52 255 255 255 63 63 116 63 63 116 255 255 255 34 32 52 202 218 251 202 218 251 34 32 52 154 172 182 34 32 51 203 218 251 202 218 251
203 218 251 62 62 115 34 32 52 62 62 115 203 218 251 255 255 255 34 32 52 255 255 255 255 255 255 255 255 255 255 255 255 34 32 52 255 255 255 255 255 255 34 32 51 34 32 52 34 32 52 255 255 255 255 255 255 34 32 52 255 255 255 255 255 255 255 255 255 255 255 255 34 32 51 202 218 251 202 218 251 62 62 115 34 32 52 63 63 116 202 218 251 203 218 251
202 218 251 34 32 52 154 173 182 34 32 52 202 218 251 202 218 251 33 31 51 255 255 255 34 32 52 34 32 51 255 255 255 34 32 51 203 218 251 255 255 255 33 31 51 34 32 52 33 31 51 255 255 255 202 218 251 34 32 51 255 255 255 33 31 51 34 32 52 255 255 255 34 32 52 203 218 251 202 218 251 34 32 52 154 172 182 33 31 51 202 218 251 202 218 251
202 218 251 34 32 52 154 172 182 34 32 52 202 218 251 203 218 251 34 32 52 154 172 182 62 62 115 63 63 116 154 172 182 34 32 52 154 172 182 202 218 251 34 32 52 34 32 52 34 32 52 203 218 251 154 172 182 34 32 52 155 173 183 62 62 115 63 63 116 155 173 183 33 31 51 202 218 251 202 218 251 34 32 52 154 172 182 34 32 52 203 219 251 202 218 251
62 62 115 34 32 52 33 31 51 34 32 52 34 32 51 34 32 52 34 32 51 34 32 52 34 32 51 34 32 52 34 32 51 34 32 52 34 32 52 34 32 52 34 32 51 34 32 52 34 32 51 34 32 52 34 32 51 34 32 52 33 31 51 34 32 52 34 32 51 34 32 51 34 32 52 34 32 52 33 32 51 34 32 52 33 31 51 34 32 52 34 32 52 63 63 116
155 173 182 202 218 251 154 172 182 202 218 251 154 172 182 202 218 251 154 173 182 202 218 251 154 172 182 202 218 251 154 172 182 203 219 252 154 172 182 203 218 251 154 172 182 202 218 251 154 172 182 202 218 251 155 173 183 202 218 251 154 173 182 202 218 251 155 173 183 202 218 251 154 172 182 202 218 251 154 172 182 202 218 251 155 173 183 202 218 251 154 172 182 202 218 251
202 218 251 62 62 115 202 218 251 63 63 116 202 218 251 63 63 115 203 218 251 63 63 116 202 218 251 63 63 116 202 218 251 62 62 115 202 218 251 62 62 115 202 218 251 63 63 116 202 218 251 62 62 115 202 218 251 63 63 115 203 218 251 62 62 115 202 218 251 63 63 116 203 218 251 62 62 115 202 218 251 63 63 115 202 218 251 62 62 115 202 218 251 63 63 115
255 255 255 63 63 116 255 255 255 63 63 116 255 255 255 63 63 116 255 255 255 62 62 115 255 255 255 62 62 115 255 255 255 63 63 115 255 255 255 63 63 115 255 255 255 62 62 115 255 255 255 62 62 115 255 255 255 62 62 115 255 255 255 63 63 116 255 255 255 62 62 115 255 255 255 63 63 116 255 255 255 63 63 116 255 255 255 63 63 116 255 255 255 63 63 116
62 62 115 34 32 52 34 32 52 34 32 51 34 32 52 34 32 52 34 32 52 34 32 52 34 32 52 34 32 52 34 32 51 34 32 52 34 32 51 34 32 52 34 32 52 34 32 52 34 32 52 34 32 51 34 32 52 34 32 52 34 32 52 34 32 52 33 31 51 34 32 52 33 31 51 34 32 52 34 32 52 34 32 51 34 32 52 34 32 52 33 31 51 34 32 51
74 104 46 250 241 54 106 189 48 105 189 47 106 190 48 106 189 48 105 189 47 105 189 47 106 189 48 74 104 46 34 32 52 48 96 129 47 95 129 48 96 130 48 95 129 47 95 129 47 95 129 48 96 129 48 96 130 47 95 129 34 32 51 75 105 47 105 189 48 106 190 48 106 189 48 106 189 48 106 189 48 105 189 48 106 189 48 105 189 47 106 189 48 75 105 47
106 190 48 105 189 47 105 189 48 106 190 48 105 189 47 250 241 53 106 190 48 106 189 48 75 105 47 34 32 51 48 96 130 94 204 227 95 204 227 255 255 255 255 255 255 203 218 251 94 204 227 95 205 227 94 204 227 95 204 227 48 96 129 34 32 52 74 104 46 106 189 48 105 189 47 250 241 53 106 190 48 105 189 47 250 241 54 105 189 47 106 189 48 106 190 48
106 189 48 105 189 47 106 189 48 250 241 54 106 189 48 106 189 48 106 189 48 74 104 46 34 32 52 48 96 130 202 218 251 203 219 251 94 204 227 203 218 251 202 218 251 95 204 227 95 204 227 202 218 251 255 255 255 255 255 255 94 204 227 48 96 130 33 31 51 75 105 47 106 189 48 105 189 47 250 241 54 105 189 48 106 190 48 106 189 48 105 189 47 106 189 48
75 105 47 106 189 48 106 189 48 105 189 47 106 189 48 105 189 47 74 104 46 34 32 52 48 96 130 202 218 251 94 204 227 255 255 255 255 255 255 94 204 227 95 204 227 94 204 227 94 204 227 95 204 227 95 204 227 202 218 251 202 218 251 95 205 227 48 96 129 34 32 52 75 105 47 106 190 48 105 189 48 106 189 48 105 189 47 106 189 48 105 189 48 75 105 47
