105 8 26 104 8 26 105 8 26 104 7 25 105 8 26 104 8 26 105 8 26 104 8 25 105 8 26 104 7 25 105 8 26 105 8 26 104 7 25 105 8 26 105 8 26 105 8 26 105 8 26 142 16 38 143 16 39 244 146 49 244 208 49 244 208 48 255 248 157 255 248 158 255 248 157 255 248 157 142 15 38 255 248 158 255 248 158 255 248 157 255 249 158 255 248 157
104 7 25 105 8 26 105 8 26 104 8 25 105 8 26 105 8 26 104 8 26 105 8 26 104 8 26 105 8 26 104 8 26 105 8 26 104 8 26 105 8 26 104 7 25 104 8 26 104 7 25 143 16 39 142 16 39 244 147 49 244 146 48 244 208 49 244 209 49 255 248 157 255 248 157 255 248 158 143 16 39 255 248 157 255 248 157 255 248 157 255 248 157 255 248 157
104 8 25 105 8 26 104 8 26 105 8 26 104 8 26 105 8 26 104 7 25 105 8 26 105 8 26 104 7 25 105 8 26 105 8 26 105 8 26 104 8 25 105 8 26 105 8 26 105 8 26 143 16 39 142 15 38 244 146 49 244 147 49 244 146 49 244 208 48 244 208 48 255 248 158 255 248 157 142 16 38 255 248 157 255 248 157 255 248 157 255 248 157 255 248 158
231 33 69 105 8 26 104 7 25 105 8 26 104 7 25 105 8 26 105 8 26 104 8 26 105 8 26 105 8 26 104 8 26 105 8 26 104 7 25 105 8 26 104 8 26 105 8 26 104 8 26 142 16 39 143 16 39 244 146 48 244 146 48 244 147 49 244 146 49 244 209 49 244 208 49 244 208 49 143 16 39 255 248 157 255 248 158 255 248 158 255 248 157 255 248 157
231 32 68 200 34 61 201 34 62 105 8 26 105 8 26 104 8 26 105 8 26 104 7 25 105 8 26 104 7 25 105 8 26 104 8 25 105 8 26 105 8 26 104 7 25 105 8 26 104 7 25 143 16 39 142 15 38 244 147 49 244 146 49 245 147 49 244 146 49 244 146 49 244 146 48 244 208 49 142 16 39 244 208 48 244 208 49 244 208 48 244 208 49 244 208 49
231 33 69 201 34 62 200 34 62 104 8 25 105 8 26 104 7 25 105 8 26 104 8 26 104 8 25 105 8 26 105 8 26 104 8 26 105 8 26 104 8 26 105 8 26 105 8 26 104 8 26 142 16 39 143 16 39 244 146 49 244 146 49 244 146 48 244 146 48 244 147 49 244 146 48 245 147 49 142 15 38 244 146 49 244 146 49 244 147 49 245 147 49 244 146 48
231 33 68 200 33 61 200 34 62 105 8 26 104 8 26 200 34 62 201 34 62 200 34 62 200 34 62 104 8 26 105 8 26 104 7 25 105 8 26 105 8 26 104 7 25 105 8 26 105 8 26 142 16 38 142 15 38 244 146 49 244 146 48 244 147 49 244 146 49 244 146 49 244 146 48 244 146 49 142 16 39 244 147 49 244 146 48 244 146 48 244 146 49 244 146 48
231 33 69 201 34 62 200 34 61 104 7 25 105 8 26 200 34 61 200 34 61 200 33 61 200 34 62 200 33 61 105 8 26 105 8 26 104 8 25 104 8 26 105 8 26 104 8 25 105 8 26 142 16 39 143 16 39 244 147 49 244 146 48 244 147 49 244 146 49 244 146 49 244 147 49 244 146 49 143 16 39 244 146 48 244 147 49 244 146 49 244 147 49 244 147 49
231 33 68 200 34 62 201 34 62 105 8 26 105 8 26 201 34 62 200 34 62 200 34 62 200 34 62 105 8 26 200 34 61 105 8 26 105 8 26 105 8 26 104 8 26 105 8 26 104 8 26 142 15 38 142 16 39 143 16 39 142 16 39 143 16 39 142 15 38 143 16 39 142 15 38 142 16 39 142 15 38 142 16 39 142 16 39 142 16 39 142 15 38 142 16 39
231 33 69 200 33 61 200 34 62 104 8 25 105 8 26 200 33 61 200 34 62 200 34 61 201 34 62 200 34 62 104 7 25 105 8 26 104 7 25 105 8 26 104 7 25 105 8 26 105 8 26 143 16 39 143 16 39 142 15 38 142 16 39 143 16 39 142 16 38 142 16 39 143 16 39 142 16 39 143 16 39 143 16 39 142 15 38 143 16 39 142 16 38 143 16 39
232 33 69 200 34 62 201 34 62 104 8 26 105 8 26 200 34 61 201 34 62 200 34 61 200 34 62 104 8 25 104 8 26 105 8 26 104 8 26 105 8 26 105 8 26 104 8 26 104 7 25 200 34 61 200 34 61 200 34 62 200 33 61 201 34 62 200 34 61 200 34 62 200 33 61 200 34 62 201 34 62 200 34 61 200 34 62 200 34 62 201 34 62 200 33 61
124 43 59 124 42 58 125 43 59 124 42 58 124 43 59 125 43 59 124 43 59 124 42 58 125 43 59 125 43 59 125 43 59 105 8 26 105 8 26 104 8 25 105 8 26 105 8 26 200 34 62 200 34 62 200 34 62 201 34 62 200 34 62 200 34 62 200 34 61 201 34 62 200 34 62 200 34 61 200 33 61 200 34 62 201 34 62 200 34 61 200 34 62 200 34 62
56 7 17 55 7 16 56 7 17 56 7 17 56 7 17 55 7 17 56 7 17 56 7 17 56 7 17 55 7 17 124 42 58 105 8 26 104 7 25 105 8 26 104 8 26 200 34 62 200 33 61 201 34 62 200 33 61 200 34 62 200 34 61 200 33 61 200 34 62 200 34 61 200 34 62 201 34 62 200 34 61 201 34 62 200 33 61 200 34 62 201 34 62 200 34 61
124 43 59 125 43 59 125 43 59 124 42 58 124 43 58 125 43 59 124 42 58 125 43 59 124 42 58 56 7 17 125 43 59 104 8 26 105 8 26 105 8 26 200 33 61 200 34 62 201 34 62 200 34 61 200 34 61 201 34 62 200 34 62 200 34 62 201 34 62 200 34 62 200 33 61 201 34 62 200 34 62 200 34 62 200 34 62 200 34 61 200 34 61 200 34 62
124 42 58 124 43 58 124 43 59 130 61 75 124 42 58 124 43 59 125 43 59 129 60 74 124 43 59 56 7 17 124 43 59 104 8 26 231 33 69 231 33 69 232 33 69 231 33 68 231 33 69 231 33 69 232 33 69 231 33 69 200 34 61 201 34 62 200 34 61 200 34 62 200 34 62 200 34 61 200 34 61 200 33 61 201 34 62 200 34 62 200 34 62 201 34 62
130 61 75 124 43 59 124 42 58 124 43 59 125 43 59 124 42 58 125 43 59 124 43 59 124 42 58 56 7 17 231 33 68 231 33 69 255 166 115 255 167 116 255 166 115 255 207 142 255 208 142 255 207 141 255 255 255 255 255 255 231 33 69 231 33 69 200 33 61 200 34 62 201 34 62 200 34 62 200 34 62 201 34 62 200 34 61 200 34 62 200 33 61 200 34 62
55 6 16 130 61 75 231 33 69 231 32 68 125 43 59 124 43 59 124 42 58 231 33 69 231 33 69 231 32 68 249 124 89 249 125 90 255 166 115 231 33 69 231 33 69 255 166 115 255 207 141 255 207 142 255 207 141 0 0 0 255 255 255 255 255 255 231 33 69 231 33 69 200 34 62 200 33 61 200 34 62 200 34 62 200 34 61 201 34 62 200 34 61 201 34 62
125 43 59 124 42 58 231 33 69 255 166 115 231 33 69 124 43 58 125 43 59 232 33 69 249 124 89 249 125 90 249 125 90 249 124 90 231 33 68 255 208 142 231 33 69 255 167 116 255 167 116 255 207 141 255 207 142 255 208 142 255 207 141 255 255 255 255 255 255 255 255 255 231 33 68 201 34 62 200 34 61 200 33 61 200 34 62 200 34 61 200 34 62 200 34 62
125 43 59 124 42 58 231 33 69 255 166 115 255 207 142 231 33 69 231 32 68 231 33 69 231 32 68 231 33 68 231 33 69 231 32 68 255 207 142 255 207 142 231 32 68 255 166 115 255 166 115 255 167 116 255 207 141 255 207 141 255 208 142 255 207 141 255 255 255 255 255 255 255 255 255 231 33 69 200 34 61 201 34 62 201 34 62 200 34 62 200 34 62 200 33 61
55 7 17 56 7 17 231 33 69 255 167 116 255 207 141 255 207 141 255 207 141 255 207 142 255 207 142 255 208 142 255 208 142 255 207 141 255 207 141 255 207 141 231 33 69 249 124 90 255 166 115 255 166 115 255 167 116 255 207 141 255 207 141 255 207 142 255 207 142 255 255 255 255 255 255 255 255 255 231 33 69 200 34 62 200 33 61 200 34 61 201 34 62 200 34 61
125 43 59 124 42 58 231 33 69 255 166 115 255 167 116 255 166 116 255 167 116 255 166 115 255 166 115 255 166 115 255 166 115 255 167 116 255 166 115 255 167 116 231 33 68 249 125 90 249 125 90 255 166 115 255 166 115 255 167 116 255 207 142 255 207 141 255 208 142 255 207 141 255 255 255 255 255 255 231 33 69 200 34 61 201 34 62 200 34 62 200 34 62 201 34 62
129 60 74 117 14 33 249 125 90 249 124 90 116 13 32 116 14 33 255 166 115 255 167 116 255 167 116 255 166 115 255 167 116 116 14 33 117 14 33 249 124 90 249 124 89 231 33 69 249 124 89 249 125 90 255 166 116 255 166 115 255 166 115 255 166 115 255 207 142 255 207 141 255 207 142 255 255 255 255 255 255 232 33 69 200 34 62 200 33 61 200 34 61 200 34 62
125 43 59 116 14 33 249 124 89 249 125 90 249 125 90 249 125 90 116 14 33 249 124 90 249 124 89 249 125 90 116 14 33 249 125 90 249 124 89 249 124 89 249 125 90 232 33 69 249 124 89 249 125 90 249 124 89 249 125 90 255 167 116 255 166 115 255 167 116 255 167 116 255 207 141 255 207 141 255 255 255 231 33 69 200 34 61 200 34 62 201 34 62 200 33 61
244 208 48 117 14 33 249 124 89 249 124 89 249 124 89 249 125 90 249 124 89 249 125 90 116 14 33 249 125 90 249 124 89 249 124 90 249 124 89 249 125 90 249 124 89 249 124 90 249 124 89 249 124 90 249 124 89 249 124 90 249 124 89 255 166 116 255 166 115 255 166 115 255 166 116 255 167 116 255 166 115 231 33 69 244 208 48 244 208 49 244 208 49 244 209 49
244 209 49 117 14 33 226 83 76 249 125 90 249 124 90 249 124 89 249 125 90 116 14 33 116 14 33 117 14 33 249 124 89 250 125 90 249 124 89 249 125 90 226 82 75 226 83 76 226 82 75 249 125 90 250 125 90 249 124 89 249 125 90 249 124 90 255 167 116 255 166 115 255 166 115 255 166 115 255 166 116 231 33 69 244 209 49 244 208 49 244 208 48 244 208 49
244 208 49 116 13 32 226 82 75 227 83 76 249 124 89 249 124 89 249 125 90 249 124 90 249 124 89 249 125 90 249 124 89 249 124 89 249 125 90 226 82 75 226 83 76 117 14 33 226 83 76 249 124 89 249 125 90 249 124 89 249 125 90 249 124 89 249 124 89 249 125 90 117 14 33 255 166 115 255 167 116 231 33 69 244 208 49 244 208 48 244 208 49 244 208 49
203 56 83 143 16 39 116 14 33 226 83 76 226 82 75 226 83 76 226 82 75 226 82 75 227 83 76 226 82 75 226 83 76 226 83 76 226 83 76 226 82 76 116 14 33 226 82 75 226 83 76 116 14 33 116 14 33 116 13 32 116 14 33 117 14 33 116 14 33 116 14 33 116 14 33 255 167 116 255 166 115 143 16 39 244 208 48 244 208 49 245 209 49 244 209 49
203 56 83 143 16 39 142 16 39 116 13 33 117 14 33 116 14 33 116 14 33 117 14 33 116 14 33 116 14 33 116 14 33 117 14 33 116 13 33 117 14 33 117 14 33 117 14 33 117 14 33 226 82 75 227 83 76 226 83 76 226 83 76 226 83 76 226 82 75 226 83 76 226 82 75 226 82 75 143 16 39 142 15 38 244 209 49 244 208 49 244 208 48 244 208 48
203 56 83 143 16 39 142 16 39 142 16 38 143 16 39 143 16 39 142 15 38 142 16 38 143 16 39 142 15 38 143 16 39 142 16 39 142 15 38 143 16 39 142 16 39 142 16 38 116 13 32 116 14 33 117 14 33 116 13 32 116 14 33 117 14 33 116 14 33 117 14 33 117 14 33 143 16 39 142 16 39 203 57 83 244 208 49 244 208 48 244 208 49 244 208 49
217 139 13 203 56 83 142 16 39 143 16 39 142 15 38 142 16 39 143 16 39 142 16 39 143 16 39 142 16 39 143 16 39 142 16 39 143 16 39 142 16 38 142 16 39 143 16 39 142 16 39 143 16 39 142 15 38 143 16 39 142 16 39 143 16 39 142 15 38 142 16 39 142 16 39 142 16 38 204 57 84 216 138 12 244 208 49 244 208 48 244 208 49 244 209 49
216 139 13 216 138 13 203 57 84 203 57 84 203 57 83 204 57 84 203 57 84 203 56 83 203 57 83 203 57 84 203 56 83 204 57 84 203 56 83 204 57 84 203 56 83 203 57 84 203 57 84 203 56 83 203 57 83 204 57 84 203 56 83 203 57 84 203 56 83 203 57 84 203 57 83 203 56 83 216 139 13 216 138 13 245 209 49 244 208 49 244 208 48 244 208 49
217 139 13 216 138 13 216 139 13 216 138 12 216 138 13 216 138 13 216 138 12 216 138 13 217 139 13 216 139 13 216 138 13 216 138 13 216 139 13 216 138 13 216 139 13 216 138 13 216 138 12 216 139 13 216 139 13 216 138 12 216 139 13 216 139 13 216 138 13 217 139 13 216 139 13 217 139 13 216 138 13 244 208 49 244 208 48 244 209 49 244 208 49 244 208 49
