0 0 0 0 0 0 0 0 0 0 0 0 0 0 0 0 0 0 0 0 0 0 0 0 0 0 0 0 0 0 0 0 0 0 0 0 0 0 0 0 0 0 0 0 0 0 0 0 0 0 0 0 0 0 0 0 0 0 0 0 0 0 0 0 0 0 0 0 0 0 0 0 0 0 0 0 0 0 35 31 32 35 31 32 35 31 32 35 31 32 35 31 32 35 31 32 35 31 32 35 31 32 35 31 32 0 0 0 0 0 0 0 0 0 0 0 0 0 0 0 0 0 0 0 0 0 0 0 0 0 0 0 0 0 0 0 0 0 0 0 0 0 0 0 0 0 0
0 0 0 0 0 0 0 0 0 0 0 0 0 0 0 0 0 0 0 0 0 0 0 0 0 0 0 0 0 0 0 0 0 0 0 0 0 0 0 0 0 0 0 0 0 0 0 0 0 0 0 0 0 0 0 0 0 0 0 0 0 0 0 0 0 0 0 0 0 0 0 0 35 31 32 35 31 32 247 153 209 247 153 209 247 153 209 247 153 209 247 153 209 247 153 209 247 153 209 247 153 209 247 153 209 35 31 32 0 0 0 0 0 0 0 0 0 0 0 0 0 0 0 0 0 0 0 0 0 0 0 0 0 0 0 0 0 0 0 0 0 0 0 0 0 0 0
0 0 0 0 0 0 0 0 0 0 0 0 0 0 0 0 0 0 0 0 0 0 0 0 0 0 0 0 0 0 0 0 0 0 0 0 0 0 0 0 0 0 0 0 0 0 0 0 0 0 0 0 0 0 0 0 0 0 0 0 0 0 0 0 0 0 0 0 0 35 31 32 247 153 209 247 153 209 247 153 209 247 153 209 247 153 209 247 153 209 247 153 209 247 153 209 247 153 209 247 153 209 247 153 209 247 153 209 35 31 32 0 0 0 0 0 0 0 0 0 0 0 0 0 0 0 0 0 0 0 0 0 0 0 0 0 0 0 35 31 32 35 31 32 35 31 32
0 0 0 0 0 0 0 0 0 0 0 0 0 0 0 0 0 0 0 0 0 0 0 0 0 0 0 0 0 0 0 0 0 0 0 0 0 0 0 0 0 0 0 0 0 0 0 0 0 0 0 0 0 0 0 0 0 0 0 0 0 0 0 0 0 0 35 31 32 247 153 209 247 153 209 247 153 209 247 153 209 247 153 209 247 153 209 247 153 209 247 153 209 247 153 209 247 153 209 247 153 209 247 153 209 247 153 209 247 153 209 35 31 32 0 0 0 0 0 0 0 0 0 0 0 0 0 0 0 35 31 32 35 31 32 35 31 32 247 153 209 247 153 209 35 31 32
0 0 0 0 0 0 0 0 0 0 0 0 0 0 0 0 0 0 0 0 0 0 0 0 0 0 0 0 0 0 0 0 0 0 0 0 0 0 0 0 0 0 0 0 0 0 0 0 0 0 0 0 0 0 0 0 0 0 0 0 0 0 0 35 31 32 247 153 209 247 153 209 247 153 209 247 153 209 247 153 209 247 153 209 247 153 209 247 153 209 247 153 209 247 153 209 247 153 209 247 153 209 247 153 209 247 153 209 247 153 209 247 153 209 35 31 32 0 0 0 35 31 32 35 31 32 35 31 32 247 153 209 247 153 209 247 153 209 247 153 209 247 153 209 35 31 32
0 0 0 0 0 0 0 0 0 0 0 0 0 0 0 0 0 0 0 0 0 0 0 0 0 0 0 0 0 0 0 0 0 0 0 0 0 0 0 0 0 0 0 0 0 0 0 0 0 0 0 0 0 0 0 0 0 0 0 0 35 31 32 247 153 209 247 153 209 247 153 209 247 153 209 247 153 209 247 153 209 247 153 209 247 153 209 247 153 209 247 153 209 247 153 209 247 153 209 247 153 209 247 153 209 247 153 209 247 153 209 247 153 209 247 153 209 35 31 32 247 153 209 247 153 209 247 153 209 247 153 209 247 153 209 247 153 209 247 153 209 247 153 209 35 31 32
0 0 0 0 0 0 0 0 0 0 0 0 0 0 0 0 0 0 0 0 0 0 0 0 0 0 0 0 0 0 0 0 0 0 0 0 0 0 0 0 0 0 0 0 0 0 0 0 0 0 0 0 0 0 0 0 0 35 31 32 247 153 209 247 153 209 247 153 209 247 153 209 247 153 209 247 153 209 35 31 32 35 31 32 35 31 32 35 31 32 35 31 32 35 31 32 247 153 209 247 153 209 247 153 209 247 153 209 247 153 209 247 153 209 35 31 32 247 153 209 247 153 209 35 31 32 35 31 32 247 153 209 247 153 209 247 153 209 247 153 209 35 31 32 0 0 0
0 0 0 0 0 0 0 0 0 0 0 0 0 0 0 0 0 0 0 0 0 0 0 0 0 0 0 0 0 0 0 0 0 0 0 0 0 0 0 0 0 0 0 0 0 0 0 0 0 0 0 0 0 0 0 0 0 35 31 32 247 153 209 247 153 209 247 153 209 247 153 209 247 153 209 247 153 209 35 31 32 255 255 255 255 255 255 255 255 255 255 255 255 255 255 255 35 31 32 35 31 32 247 153 209 247 153 209 247 153 209 35 31 32 247 153 209 35 31 32 35 31 32 247 153 209 247 153 209 247 153 209 247 153 209 247 153 209 35 31 32 0 0 0 0 0 0
0 0 0 0 0 0 0 0 0 0 0 0 0 0 0 0 0 0 0 0 0 0 0 0 0 0 0 0 0 0 0 0 0 0 0 0 0 0 0 0 0 0 0 0 0 0 0 0 0 0 0 0 0 0 35 31 32 247 153 209 247 153 209 247 153 209 247 153 209 247 153 209 247 153 209 247 153 209 35 31 32 255 255 255 255 255 255 255 255 255 255 255 255 255 255 255 255 255 255 255 255 255 35 31 32 247 153 209 35 31 32 247 153 209 35 31 32 189 188 188 35 31 32 247 153 209 247 153 209 247 153 209 247 153 209 35 31 32 0 0 0 0 0 0 0 0 0
0 0 0 0 0 0 0 0 0 0 0 0 0 0 0 0 0 0 0 0 0 0 0 0 0 0 0 0 0 0 0 0 0 0 0 0 0 0 0 0 0 0 0 0 0 0 0 0 0 0 0 35 31 32 247 153 209 247 153 209 247 153 209 247 153 209 247 153 209 247 153 209 247 153 209 247 153 209 35 31 32 255 255 255 255 255 255 255 255 255 255 255 255 255 255 255 255 255 255 255 255 255 255 255 255 35 31 32 247 153 209 35 31 32 189 188 188 189 188 188 35 31 32 247 153 209 247 153 209 247 153 209 35 31 32 0 0 0 0 0 0 0 0 0 0 0 0
0 0 0 0 0 0 0 0 0 0 0 0 0 0 0 0 0 0 0 0 0 0 0 0 0 0 0 0 0 0 0 0 0 0 0 0 0 0 0 0 0 0 0 0 0 0 0 0 0 0 0 35 31 32 247 153 209 247 153 209 247 153 209 247 153 209 247 153 209 247 153 209 247 153 209 247 153 209 35 31 32 255 255 255 255 255 255 255 255 255 247 153 209 255 255 255 255 255 255 255 255 255 255 255 255 255 255 255 35 31 32 255 255 255 255 255 255 189 188 188 189 188 188 35 31 32 247 153 209 35 31 32 0 0 0 0 0 0 0 0 0 0 0 0 0 0 0
0 0 0 0 0 0 0 0 0 0 0 0 0 0 0 0 0 0 0 0 0 0 0 0 0 0 0 0 0 0 0 0 0 0 0 0 0 0 0 0 0 0 0 0 0 0 0 0 0 0 0 35 31 32 247 153 209 247 153 209 247 153 209 247 153 209 247 153 209 247 153 209 247 153 209 247 153 209 35 31 32 255 255 255 255 255 255 255 255 255 247 153 209 247 153 209 247 153 209 255 255 255 255 255 255 255 255 255 255 255 255 35 31 32 255 255 255 255 255 255 189 188 188 35 31 32 35 31 32 0 0 0 0 0 0 0 0 0 0 0 0 0 0 0 0 0 0
0 0 0 0 0 0 0 0 0 0 0 0 0 0 0 0 0 0 0 0 0 0 0 0 0 0 0 0 0 0 0 0 0 0 0 0 0 0 0 0 0 0 0 0 0 0 0 0 0 0 0 35 31 32 247 153 209 247 153 209 247 153 209 247 153 209 247 153 209 247 153 209 247 153 209 247 153 209 35 31 32 255 255 255 255 255 255 255 255 255 247 153 209 247 153 209 247 153 209 247 153 209 255 255 255 255 255 255 255 255 255 255 255 255 255 255 255 255 255 255 255 255 255 35 31 32 0 0 0 0 0 0 0 0 0 0 0 0 0 0 0 0 0 0 0 0 0
0 0 0 0 0 0 0 0 0 0 0 0 0 0 0 0 0 0 0 0 0 0 0 0 0 0 0 0 0 0 0 0 0 0 0 0 0 0 0 0 0 0 0 0 0 0 0 0 0 0 0 35 31 32 247 153 209 247 153 209 247 153 209 247 153 209 247 153 209 247 153 209 247 153 209 247 153 209 35 31 32 255 255 255 255 255 255 255 255 255 247 153 209 247 153 209 247 153 209 247 153 209 247 153 209 255 255 255 255 255 255 255 255 255 255 255 255 35 31 32 255 255 255 255 255 255 35 31 32 0 0 0 0 0 0 0 0 0 0 0 0 0 0 0 0 0 0
0 0 0 0 0 0 0 0 0 0 0 0 0 0 0 0 0 0 0 0 0 0 0 0 0 0 0 0 0 0 0 0 0 0 0 0 0 0 0 0 0 0 0 0 0 0 0 0 0 0 0 35 31 32 247 153 209 247 153 209 247 153 209 247 153 209 247 153 209 247 153 209 247 153 209 247 153 209 35 31 32 255 255 255 255 255 255 255 255 255 247 153 209 247 153 209 247 153 209 247 153 209 247 153 209 255 255 255 255 255 255 255 255 255 255 255 255 255 255 255 255 255 255 255 255 255 35 31 32 0 0 0 0 0 0 0 0 0 0 0 0 0 0 0 0 0 0
0 0 0 0 0 0 0 0 0 0 0 0 0 0 0 0 0 0 0 0 0 0 0 0 0 0 0 0 0 0 0 0 0 0 0 0 0 0 0 0 0 0 0 0 0 0 0 0 0 0 0 35 31 32 247 153 209 247 153 209 247 153 209 247 153 209 247 153 209 247 153 209 247 153 209 247 153 209 35 31 32 255 255 255 255 255 255 255 255 255 247 153 209 247 153 209 247 153 209 247 153 209 247 153 209 255 255 255 255 255 255 255 255 255 255 255 255 255 255 255 255 255 255 255 255 255 35 31 32 0 0 0 0 0 0 0 0 0 0 0 0 0 0 0 0 0 0
0 0 0 0 0 0 0 0 0 0 0 0 0 0 0 0 0 0 0 0 0 0 0 0 0 0 0 0 0 0 0 0 0 0 0 0 0 0 0 0 0 0 0 0 0 0 0 0 0 0 0 35 31 32 247 153 209 247 153 209 247 153 209 247 153 209 247 153 209 247 153 209 247 153 209 247 153 209 247 153 209 35 31 32 255 255 255 255 255 255 247 153 209 247 153 209 247 153 209 247 153 209 247 153 209 255 255 255 255 255 255 255 255 255 35 31 32 35 31 32 255 255 255 255 255 255 255 255 255 35 31 32 35 31 32 35 31 32 35 31 32 0 0 0 0 0 0
0 0 0 0 0 0 0 0 0 0 0 0 0 0 0 0 0 0 0 0 0 0 0 0 0 0 0 0 0 0 0 0 0 0 0 0 0 0 0 0 0 0 0 0 0 0 0 0 0 0 0 35 31 32 247 153 209 247 153 209 247 153 209 247 153 209 247 153 209 247 153 209 247 153 209 247 153 209 35 31 32 35 31 32 255 255 255 255 255 255 255 255 255 247 153 209 247 153 209 247 153 209 247 153 209 255 255 255 255 255 255 35 31 32 255 255 255 255 255 255 35 31 32 255 255 255 255 255 255 255 255 255 255 255 255 35 31 32 35 31 32 0 0 0 0 0 0
0 0 0 0 0 0 0 0 0 0 0 0 0 0 0 0 0 0 0 0 0 0 0 0 0 0 0 0 0 0 0 0 0 0 0 0 0 0 0 0 0 0 0 0 0 0 0 0 0 0 0 35 31 32 247 153 209 247 153 209 247 153 209 247 153 209 247 153 209 247 153 209 247 153 209 35 31 32 247 153 209 247 153 209 35 31 32 255 255 255 255 255 255 255 255 255 255 255 255 255 255 255 255 255 255 255 255 255 255 255 255 255 255 255 255 255 255 255 255 255 255 255 255 255 255 255 255 255 255 255 255 255 255 255 255 255 255 255 35 31 32 0 0 0 0 0 0
0 0 0 0 0 0 0 0 0 0 0 0 0 0 0 0 0 0 0 0 0 0 0 0 0 0 0 0 0 0 0 0 0 0 0 0 0 0 0 0 0 0 0 0 0 0 0 0 0 0 0 35 31 32 247 153 209 247 153 209 247 153 209 247 153 209 247 153 209 247 153 209 35 31 32 247 153 209 247 153 209 247 153 209 247 153 209 35 31 32 255 255 255 255 255 255 255 255 255 255 255 255 255 255 255 255 255 255 255 255 255 255 255 255 255 255 255 255 255 255 255 255 255 255 255 255 255 255 255 255 255 255 255 255 255 255 255 255 35 31 32 0 0 0 0 0 0
0 0 0 0 0 0 0 0 0 0 0 0 0 0 0 0 0 0 0 0 0 0 0 0 0 0 0 0 0 0 0 0 0 0 0 0 0 0 0 0 0 0 0 0 0 0 0 0 0 0 0 35 31 32 247 153 209 247 153 209 247 153 209 247 153 209 247 153 209 35 31 32 247 153 209 247 153 209 247 153 209 247 153 209 247 153 209 35 31 32 255 255 255 255 255 255 255 255 255 255 255 255 255 255 255 255 255 255 255 255 255 255 255 255 255 255 255 255 255 255 255 255 255 255 255 255 255 255 255 255 255 255 255 255 255 255 255 255 35 31 32 0 0 0 0 0 0
0 0 0 0 0 0 0 0 0 0 0 0 0 0 0 0 0 0 0 0 0 0 0 0 0 0 0 0 0 0 0 0 0 0 0 0 0 0 0 0 0 0 0 0 0 0 0 0 0 0 0 35 31 32 247 153 209 247 153 209 247 153 209 247 153 209 35 31 32 247 153 209 247 153 209 247 153 209 247 153 209 247 153 209 247 153 209 35 31 32 35 31 32 255 255 255 255 255 255 255 255 255 255 255 255 255 255 255 255 255 255 255 255 255 255 255 255 255 255 255 255 255 255 255 255 255 255 255 255 255 255 255 255 255 255 255 255 255 35 31 32 0 0 0 0 0 0
0 0 0 0 0 0 0 0 0 0 0 0 0 0 0 0 0 0 0 0 0 0 0 0 0 0 0 0 0 0 0 0 0 0 0 0 0 0 0 0 0 0 0 0 0 0 0 0 35 31 32 247 153 209 35 31 32 247 153 209 247 153 209 35 31 32 247 153 209 247 153 209 247 153 209 247 153 209 247 153 209 247 153 209 35 31 32 247 153 209 255 255 255 35 31 32 35 31 32 35 31 32 255 255 255 255 255 255 255 255 255 189 188 188 255 255 255 255 255 255 189 188 188 255 255 255 255 255 255 255 255 255 255 255 255 255 255 255 35 31 32 0 0 0 0 0 0
0 0 0 0 0 0 35 31 32 35 31 32 35 31 32 35 31 32 35 31 32 0 0 0 0 0 0 0 0 0 0 0 0 0 0 0 0 0 0 0 0 0 0 0 0 35 31 32 247 153 209 247 153 209 247 153 209 35 31 32 35 31 32 247 153 209 247 153 209 247 153 209 247 153 209 247 153 209 247 153 209 35 31 32 247 153 209 247 153 209 247 153 209 255 255 255 255 255 255 255 255 255 255 255 255 255 255 255 189 188 188 255 255 255 255 255 255 189 188 188 255 255 255 255 255 255 255 255 255 255 255 255 255 255 255 35 31 32 0 0 0 0 0 0 0 0 0
0 0 0 35 31 32 255 255 255 255 255 255 255 255 255 255 255 255 255 255 255 35 31 32 0 0 0 0 0 0 0 0 0 0 0 0 0 0 0 0 0 0 0 0 0 35 31 32 247 153 209 247 153 209 247 153 209 35 31 32 247 153 209 247 153 209 247 153 209 247 153 209 247 153 209 247 153 209 35 31 32 247 153 209 247 153 209 247 153 209 247 153 209 247 153 209 255 255 255 255 255 255 255 255 255 189 188 188 255 255 255 255 255 255 189 188 188 255 255 255 255 255 255 255 255 255 255 255 255 255 255 255 35 31 32 0 0 0 0 0 0 0 0 0 0 0 0
35 31 32 189 188 188 255 255 255 255 255 255 255 255 255 255 255 255 255 255 255 255 255 255 35 31 32 0 0 0 0 0 0 0 0 0 0 0 0 0 0 0 35 31 32 247 153 209 247 153 209 247 153 209 35 31 32 247 153 209 247 153 209 247 153 209 247 153 209 247 153 209 247 153 209 35 31 32 255 255 255 255 255 255 247 153 209 247 153 209 247 153 209 247 153 209 247 153 209 255 255 255 255 255 255 255 255 255 255 255 255 189 188 188 255 255 255 255 255 255 255 255 255 255 255 255 255 255 255 35 31 32 0 0 0 0 0 0 0 0 0 0 0 0 0 0 0
0 0 0 35 31 32 189 188 188 255 255 255 255 255 255 255 255 255 255 255 255 255 255 255 255 255 255 35 31 32 0 0 0 0 0 0 0 0 0 0 0 0 35 31 32 247 153 209 247 153 209 35 31 32 247 153 209 247 153 209 247 153 209 247 153 209 247 153 209 247 153 209 35 31 32 189 188 188 189 188 188 255 255 255 255 255 255 247 153 209 247 153 209 247 153 209 247 153 209 247 153 209 247 153 209 255 255 255 189 188 188 255 255 255 255 255 255 255 255 255 255 255 255 255 255 255 35 31 32 0 0 0 0 0 0 0 0 0 0 0 0 0 0 0 0 0 0
0 0 0 0 0 0 35 31 32 189 188 188 255 255 255 255 255 255 255 255 255 255 255 255 255 255 255 255 255 255 35 31 32 0 0 0 0 0 0 0 0 0 35 31 32 247 153 209 35 31 32 247 153 209 247 153 209 247 153 209 247 153 209 247 153 209 247 153 209 35 31 32 189 188 188 189 188 188 189 188 188 189 188 188 255 255 255 255 255 255 247 153 209 247 153 209 247 153 209 247 153 209 247 153 209 247 153 209 255 255 255 255 255 255 255 255 255 255 255 255 255 255 255 35 31 32 0 0 0 0 0 0 0 0 0 0 0 0 0 0 0 0 0 0 0 0 0
0 0 0 0 0 0 0 0 0 35 31 32 189 188 188 255 255 255 255 255 255 255 255 255 255 255 255 255 255 255 35 31 32 0 0 0 0 0 0 0 0 0 0 0 0 35 31 32 35 31 32 35 31 32 35 31 32 35 31 32 35 31 32 35 31 32 35 31 32 0 0 0 35 31 32 189 188 188 189 188 188 189 188 188 189 188 188 255 255 255 255 255 255 247 153 209 247 153 209 247 153 209 247 153 209 247 153 209 247 153 209 247 153 209 255 255 255 255 255 255 35 31 32 0 0 0 0 0 0 0 0 0 0 0 0 0 0 0 0 0 0 0 0 0 0 0 0
0 0 0 0 0 0 0 0 0 0 0 0 35 31 32 189 188 188 255 255 255 255 255 255 255 255 255 255 255 255 35 31 32 0 0 0 0 0 0 0 0 0 0 0 0 0 0 0 0 0 0 0 0 0 0 0 0 0 0 0 0 0 0 0 0 0 0 0 0 0 0 0 0 0 0 35 31 32 35 31 32 189 188 188 189 188 188 189 188 188 255 255 255 255 255 255 255 255 255 247 153 209 247 153 209 247 153 209 247 153 209 247 153 209 247 153 209 35 31 32 0 0 0 0 0 0 0 0 0 0 0 0 0 0 0 0 0 0 0 0 0 0 0 0 0 0 0
0 0 0 0 0 0 0 0 0 0 0 0 35 31 32 189 188 188 255 255 255 255 255 255 255 255 255 255 255 255 255 255 255 35 31 32 35 31 32 0 0 0 35 31 32 35 31 32 35 31 32 35 31 32 35 31 32 35 31 32 35 31 32 0 0 0 0 0 0 0 0 0 0 0 0 0 0 0 0 0 0 35 31 32 35 31 32 189 188 188 189 188 188 255 255 255 255 255 255 255 255 255 255 255 255 255 255 255 247 153 209 247 153 209 247 153 209 35 31 32 0 0 0 0 0 0 0 0 0 0 0 0 0 0 0 0 0 0 0 0 0 0 0 0 0 0 0
0 0 0 0 0 0 0 0 0 0 0 0 35 31 32 189 188 188 189 188 188 255 255 255 255 255 255 255 255 255 255 255 255 255 255 255 35 31 32 35 31 32 189 188 188 189 188 188 189 188 188 189 188 188 189 188 188 189 188 188 189 188 188 35 31 32 35 31 32 0 0 0 0 0 0 0 0 0 0 0 0 0 0 0 0 0 0 35 31 32 35 31 32 255 255 255 255 255 255 255 255 255 255 255 255 255 255 255 255 255 255 189 188 188 35 31 32 0 0 0 0 0 0 0 0 0 0 0 0 0 0 0 0 0 0 0 0 0 0 0 0 0 0 0 0 0 0
0 0 0 0 0 0 0 0 0 0 0 0 0 0 0 35 31 32 189 188 188 189 188 188 189 188 188 255 255 255 255 255 255 255 255 255 35 31 32 189 188 188 189 188 188 189 188 188 189 188 188 255 255 255 255 255 255 255 255 255 255 255 255 255 255 255 255 255 255 35 31 32 35 31 32 35 31 32 35 31 32 35 31 32 35 31 32 255 255 255 255 255 255 255 255 255 255 255 255 255 255 255 255 255 255 255 255 255 255 255 255 189 188 188 35 31 32 0 0 0 0 0 0 0 0 0 0 0 0 0 0 0 0 0 0 0 0 0 0 0 0 0 0 0 0 0 0
0 0 0 0 0 0 0 0 0 0 0 0 0 0 0 0 0 0 35 31 32 35 31 32 189 188 188 189 188 188 189 188 188 35 31 32 189 188 188 189 188 188 189 188 188 189 188 188 255 255 255 255 255 255 255 255 255 255 255 255 255 255 255 255 255 255 255 255 255 255 255 255 255 255 255 255 255 255 255 255 255 255 255 255 255 255 255 255 255 255 255 255 255 255 255 255 255 255 255 255 255 255 255 255 255 255 255 255 255 255 255 189 188 188 35 31 32 0 0 0 0 0 0 0 0 0 0 0 0 0 0 0 0 0 0 0 0 0 0 0 0 0 0 0 0 0 0
0 0 0 0 0 0 0 0 0 0 0 0 0 0 0 0 0 0 0 0 0 0 0 0 35 31 32 35 31 32 35 31 32 189 188 188 189 188 188 189 188 188 189 188 188 255 255 255 255 255 255 255 255 255 255 255 255 255 255 255 255 255 255 255 255 255 255 255 255 255 255 255 255 255 255 255 255 255 255 255 255 255 255 255 255 255 255 255 255 255 255 255 255 255 255 255 255 255 255 255 255 255 255 255 255 255 255 255 255 255 255 189 188 188 35 31 32 0 0 0 0 0 0 0 0 0 0 0 0 0 0 0 0 0 0 0 0 0 0 0 0 0 0 0 0 0 0
0 0 0 0 0 0 0 0 0 0 0 0 0 0 0 0 0 0 0 0 0 0 0 0 0 0 0 35 31 32 35 31 32 189 188 188 189 188 188 189 188 188 255 255 255 255 255 255 255 255 255 255 255 255 255 255 255 255 255 255 255 255 255 255 255 255 255 255 255 255 255 255 255 255 255 255 255 255 255 255 255 255 255 255 255 255 255 255 255 255 255 255 255 255 255 255 255 255 255 255 255 255 255 255 255 255 255 255 189 188 188 35 31 32 0 0 0 0 0 0 0 0 0 0 0 0 0 0 0 0 0 0 0 0 0 0 0 0 0 0 0 0 0 0 0 0 0
0 0 0 0 0 0 0 0 0 0 0 0 0 0 0 0 0 0 0 0 0 0 0 0 0 0 0 35 31 32 189 188 188 189 188 188 189 188 188 255 255 255 255 255 255 255 255 255 255 255 255 255 255 255 255 255 255 255 255 255 255 255 255 255 255 255 255 255 255 255 255 255 255 255 255 255 255 255 255 255 255 255 255 255 255 255 255 255 255 255 255 255 255 255 255 255 255 255 255 35 31 32 255 255 255 189 188 188 189 188 188 35 31 32 0 0 0 0 0 0 0 0 0 0 0 0 0 0 0 0 0 0 0 0 0 0 0 0 0 0 0 0 0 0 0 0 0
0 0 0 0 0 0 0 0 0 0 0 0 0 0 0 0 0 0 0 0 0 0 0 0 0 0 0 35 31 32 189 188 188 189 188 188 255 255 255 255 255 255 255 255 255 255 255 255 255 255 255 255 255 255 255 255 255 255 255 255 255 255 255 255 255 255 255 255 255 255 255 255 255 255 255 255 255 255 255 255 255 255 255 255 255 255 255 255 255 255 255 255 255 255 255 255 255 255 255 255 255 255 35 31 32 189 188 188 189 188 188 35 31 32 0 0 0 0 0 0 0 0 0 0 0 0 0 0 0 0 0 0 0 0 0 0 0 0 0 0 0 0 0 0 0 0 0
0 0 0 0 0 0 0 0 0 0 0 0 0 0 0 0 0 0 0 0 0 0 0 0 0 0 0 35 31 32 189 188 188 189 188 188 255 255 255 255 255 255 255 255 255 255 255 255 255 255 255 255 255 255 255 255 255 255 255 255 255 255 255 255 255 255 255 255 255 255 255 255 255 255 255 255 255 255 255 255 255 255 255 255 255 255 255 255 255 255 255 255 255 255 255 255 255 255 255 255 255 255 255 255 255 35 31 32 35 31 32 0 0 0 0 0 0 0 0 0 0 0 0 0 0 0 0 0 0 0 0 0 0 0 0 0 0 0 0 0 0 0 0 0 0 0 0
0 0 0 0 0 0 0 0 0 0 0 0 0 0 0 0 0 0 0 0 0 0 0 0 0 0 0 35 31 32 189 188 188 189 188 188 255 255 255 255 255 255 255 255 255 255 255 255 255 255 255 255 255 255 255 255 255 255 255 255 255 255 255 255 255 255 255 255 255 255 255 255 255 255 255 255 255 255 255 255 255 255 255 255 255 255 255 255 255 255 255 255 255 255 255 255 255 255 255 255 255 255 255 255 255 255 255 255 35 31 32 0 0 0 0 0 0 0 0 0 0 0 0 0 0 0 0 0 0 0 0 0 0 0 0 0 0 0 0 0 0 0 0 0 0 0 0
0 0 0 0 0 0 0 0 0 0 0 0 0 0 0 0 0 0 0 0 0 0 0 0 0 0 0 35 31 32 189 188 188 189 188 188 255 255 255 255 255 255 255 255 255 255 255 255 255 255 255 255 255 255 255 255 255 255 255 255 255 255 255 255 255 255 255 255 255 255 255 255 255 255 255 255 255 255 255 255 255 255 255 255 255 255 255 255 255 255 255 255 255 255 255 255 255 255 255 255 255 255 255 255 255 255 255 255 255 255 255 35 31 32 35 31 32 0 0 0 0 0 0 0 0 0 0 0 0 0 0 0 0 0 0 0 0 0 0 0 0 0 0 0 0 0 0
0 0 0 0 0 0 0 0 0 0 0 0 0 0 0 0 0 0 0 0 0 0 0 0 0 0 0 35 31 32 189 188 188 189 188 188 255 255 255 255 255 255 255 255 255 255 255 255 255 255 255 255 255 255 255 255 255 255 255 255 255 255 255 255 255 255 255 255 255 255 255 255 255 255 255 255 255 255 255 255 255 255 255 255 255 255 255 255 255 255 255 255 255 255 255 255 255 255 255 255 255 255 255 255 255 255 255 255 255 255 255 255 255 255 255 255 255 35 31 32 35 31 32 35 31 32 0 0 0 0 0 0 0 0 0 0 0 0 0 0 0 0 0 0 0 0 0
0 0 0 0 0 0 0 0 0 0 0 0 0 0 0 0 0 0 0 0 0 0 0 0 0 0 0 35 31 32 189 188 188 189 188 188 255 255 255 255 255 255 255 255 255 255 255 255 255 255 255 255 255 255 255 255 255 255 255 255 255 255 255 35 31 32 255 255 255 255 255 255 255 255 255 255 255 255 255 255 255 255 255 255 255 255 255 255 255 255 255 255 255 255 255 255 255 255 255 255 255 255 255 255 255 255 255 255 255 255 255 255 255 255 255 255 255 255 255 255 255 255 255 255 255 255 35 31 32 0 0 0 0 0 0 0 0 0 0 0 0 0 0 0 0 0 0
0 0 0 0 0 0 0 0 0 0 0 0 0 0 0 0 0 0 0 0 0 0 0 0 35 31 32 189 188 188 189 188 188 189 188 188 255 255 255 255 255 255 255 255 255 255 255 255 255 255 255 255 255 255 255 255 255 255 255 255 255 255 255 35 31 32 255 255 255 255 255 255 255 255 255 255 255 255 255 255 255 35 31 32 255 255 255 255 255 255 255 255 255 255 255 255 255 255 255 255 255 255 255 255 255 255 255 255 255 255 255 255 255 255 255 255 255 255 255 255 255 255 255 255 255 255 255 255 255 35 31 32 0 0 0 0 0 0 0 0 0 0 0 0 0 0 0
0 0 0 0 0 0 0 0 0 0 0 0 0 0 0 0 0 0 0 0 0 35 31 32 189 188 188 189 188 188 189 188 188 255 255 255 255 255 255 255 255 255 255 255 255 255 255 255 255 255 255 255 255 255 255 255 255 255 255 255 35 31 32 255 255 255 255 255 255 255 255 255 255 255 255 255 255 255 255 255 255 255 255 255 35 31 32 255 255 255 255 255 255 255 255 255 255 255 255 255 255 255 255 255 255 255 255 255 255 255 255 255 255 255 255 255 255 255 255 255 255 255 255 255 255 255 255 255 255 35 31 32 0 0 0 0 0 0 0 0 0 0 0 0 0 0 0
0 0 0 0 0 0 0 0 0 0 0 0 0 0 0 0 0 0 35 31 32 189 188 188 189 188 188 189 188 188 255 255 255 255 255 255 255 255 255 255 255 255 255 255 255 255 255 255 255 255 255 255 255 255 255 255 255 255 255 255 35 31 32 255 255 255 255 255 255 255 255 255 255 255 255 255 255 255 255 255 255 255 255 255 189 188 188 35 31 32 255 255 255 255 255 255 255 255 255 255 255 255 255 255 255 255 255 255 255 255 255 255 255 255 255 255 255 255 255 255 255 255 255 35 31 32 255 255 255 35 31 32 0 0 0 0 0 0 0 0 0 0 0 0 0 0 0
0 0 0 0 0 0 0 0 0 0 0 0 0 0 0 0 0 0 35 31 32 189 188 188 189 188 188 255 255 255 255 255 255 255 255 255 255 255 255 255 255 255 255 255 255 255 255 255 255 255 255 255 255 255 255 255 255 35 31 32 189 188 188 189 188 188 255 255 255 255 255 255 255 255 255 255 255 255 255 255 255 189 188 188 189 188 188 189 188 188 35 31 32 35 31 32 189 188 188 189 188 188 189 188 188 189 188 188 189 188 188 255 255 255 255 255 255 255 255 255 255 255 255 255 255 255 35 31 32 35 31 32 0 0 0 0 0 0 0 0 0 0 0 0 0 0 0
0 0 0 0 0 0 0 0 0 0 0 0 0 0 0 0 0 0 35 31 32 189 188 188 255 255 255 255 255 255 255 255 255 255 255 255 255 255 255 255 255 255 255 255 255 255 255 255 255 255 255 255 255 255 35 31 32 35 31 32 35 31 32 35 31 32 189 188 188 189 188 188 189 188 188 189 188 188 189 188 188 189 188 188 35 31 32 35 31 32 255 255 255 255 255 255 35 31 32 35 31 32 35 31 32 35 31 32 35 31 32 189 188 188 255 255 255 255 255 255 35 31 32 189 188 188 189 188 188 35 31 32 0 0 0 0 0 0 0 0 0 0 0 0 0 0 0
0 0 0 0 0 0 0 0 0 0 0 0 0 0 0 0 0 0 35 31 32 189 188 188 255 255 255 255 255 255 255 255 255 255 255 255 255 255 255 255 255 255 255 255 255 255 255 255 35 31 32 35 31 32 0 0 0 0 0 0 35 31 32 35 31 32 35 31 32 35 31 32 35 31 32 35 31 32 35 31 32 35 31 32 189 188 188 255 255 255 255 255 255 35 31 32 0 0 0 0 0 0 0 0 0 0 0 0 0 0 0 35 31 32 189 188 188 189 188 188 189 188 188 35 31 32 35 31 32 0 0 0 0 0 0 0 0 0 0 0 0 0 0 0 0 0 0
0 0 0 0 0 0 0 0 0 0 0 0 0 0 0 0 0 0 35 31 32 189 188 188 255 255 255 255 255 255 255 255 255 255 255 255 255 255 255 255 255 255 35 31 32 35 31 32 189 188 188 189 188 188 35 31 32 0 0 0 0 0 0 0 0 0 0 0 0 0 0 0 0 0 0 35 31 32 189 188 188 189 188 188 255 255 255 255 255 255 255 255 255 35 31 32 0 0 0 0 0 0 0 0 0 0 0 0 0 0 0 0 0 0 35 31 32 35 31 32 35 31 32 35 31 32 0 0 0 0 0 0 0 0 0 0 0 0 0 0 0 0 0 0 0 0 0
0 0 0 0 0 0 0 0 0 0 0 0 0 0 0 0 0 0 35 31 32 189 188 188 255 255 255 255 255 255 255 255 255 255 255 255 255 255 255 35 31 32 189 188 188 189 188 188 189 188 188 255 255 255 255 255 255 35 31 32 35 31 32 0 0 0 0 0 0 0 0 0 0 0 0 35 31 32 189 188 188 189 188 188 255 255 255 255 255 255 255 255 255 35 31 32 0 0 0 0 0 0 0 0 0 0 0 0 0 0 0 0 0 0 0 0 0 0 0 0 0 0 0 0 0 0 0 0 0 0 0 0 0 0 0 0 0 0 0 0 0 0 0 0 0 0 0
0 0 0 0 0 0 0 0 0 0 0 0 0 0 0 0 0 0 35 31 32 189 188 188 255 255 255 255 255 255 255 255 255 255 255 255 35 31 32 189 188 188 189 188 188 255 255 255 255 255 255 255 255 255 255 255 255 255 255 255 255 255 255 35 31 32 0 0 0 0 0 0 0 0 0 35 31 32 189 188 188 189 188 188 255 255 255 255 255 255 255 255 255 255 255 255 35 31 32 0 0 0 0 0 0 0 0 0 0 0 0 0 0 0 0 0 0 0 0 0 0 0 0 0 0 0 0 0 0 0 0 0 0 0 0 0 0 0 0 0 0 0 0 0 0 0 0
0 0 0 0 0 0 0 0 0 0 0 0 0 0 0 0 0 0 35 31 32 189 188 188 255 255 255 255 255 255 255 255 255 255 255 255 35 31 32 189 188 188 255 255 255 255 255 255 255 255 255 255 255 255 255 255 255 255 255 255 255 255 255 255 255 255 35 31 32 0 0 0 0 0 0 35 31 32 189 188 188 189 188 188 255 255 255 255 255 255 255 255 255 255 255 255 255 255 255 35 31 32 0 0 0 0 0 0 0 0 0 0 0 0 0 0 0 0 0 0 0 0 0 0 0 0 0 0 0 0 0 0 0 0 0 0 0 0 0 0 0 0 0 0 0 0 0
0 0 0 0 0 0 0 0 0 0 0 0 0 0 0 0 0 0 35 31 32 189 188 188 35 31 32 255 255 255 255 255 255 255 255 255 35 31 32 35 31 32 255 255 255 255 255 255 255 255 255 255 255 255 255 255 255 35 31 32 255 255 255 255 255 255 35 31 32 0 0 0 0 0 0 35 31 32 189 188 188 189 188 188 255 255 255 255 255 255 255 255 255 255 255 255 255 255 255 255 255 255 35 31 32 0 0 0 0 0 0 0 0 0 0 0 0 0 0 0 0 0 0 0 0 0 0 0 0 0 0 0 0 0 0 0 0 0 0 0 0 0 0 0 0 0 0
0 0 0 0 0 0 0 0 0 0 0 0 0 0 0 0 0 0 35 31 32 35 31 32 255 255 255 255 255 255 255 255 255 255 255 255 35 31 32 0 0 0 35 31 32 255 255 255 255 255 255 255 255 255 255 255 255 255 255 255 35 31 32 255 255 255 35 31 32 0 0 0 0 0 0 35 31 32 189 188 188 189 188 188 255 255 255 255 255 255 255 255 255 255 255 255 35 31 32 255 255 255 35 31 32 0 0 0 0 0 0 0 0 0 0 0 0 0 0 0 0 0 0 0 0 0 0 0 0 0 0 0 0 0 0 0 0 0 0 0 0 0 0 0 0 0 0
0 0 0 0 0 0 0 0 0 0 0 0 0 0 0 0 0 0 0 0 0 35 31 32 255 255 255 35 31 32 255 255 255 255 255 255 35 31 32 0 0 0 0 0 0 35 31 32 35 31 32 35 31 32 35 31 32 35 31 32 35 31 32 35 31 32 0 0 0 0 0 0 0 0 0 0 0 0 35 31 32 189 188 188 189 188 188 255 255 255 255 255 255 255 255 255 255 255 255 35 31 32 0 0 0 0 0 0 0 0 0 0 0 0 0 0 0 0 0 0 0 0 0 0 0 0 0 0 0 0 0 0 0 0 0 0 0 0 0 0 0 0 0 0 0 0 0
0 0 0 0 0 0 0 0 0 0 0 0 0 0 0 0 0 0 0 0 0 0 0 0 35 31 32 255 255 255 255 255 255 35 31 32 0 0 0 0 0 0 0 0 0 0 0 0 0 0 0 0 0 0 0 0 0 0 0 0 0 0 0 0 0 0 0 0 0 0 0 0 0 0 0 0 0 0 0 0 0 35 31 32 35 31 32 35 31 32 35 31 32 35 31 32 35 31 32 0 0 0 0 0 0 0 0 0 0 0 0 0 0 0 0 0 0 0 0 0 0 0 0 0 0 0 0 0 0 0 0 0 0 0 0 0 0 0 0 0 0 0 0 0 0 0 0
0 0 0 0 0 0 0 0 0 0 0 0 0 0 0 0 0 0 0 0 0 0 0 0 0 0 0 35 31 32 35 31 32 0 0 0 0 0 0 0 0 0 0 0 0 0 0 0 0 0 0 0 0 0 0 0 0 0 0 0 0 0 0 0 0 0 0 0 0 0 0 0 0 0 0 0 0 0 0 0 0 0 0 0 0 0 0 0 0 0 0 0 0 0 0 0 0 0 0 0 0 0 0 0 0 0 0 0 0 0 0 0 0 0 0 0 0 0 0 0 0 0 0 0 0 0 0 0 0 0 0 0 0 0 0 0 0 0 0 0 0 0 0 0 0 0 0
