255 255 255 255 255 255 255 255 255 255 255 255 255 255 255 255 255 255 255 255 255 255 255 255 255 255 255 255 255 255 255 255 255 255 255 255 255 255 255 255 255 255 255 255 255 255 255 255 255 255 255 255 255 255 255 255 255 255 255 255 255 255 255 255 255 255 255 255 255 255 255 255 255 255 255 255 255 255 255 255 255 255 255 255 255 255 255 255 255 255 255 255 255 111 111 111 69 69 69 103 103 103 255 255 255 255 255 255 255 255 255 255 255 255 255 255 255
255 255 255 255 255 255 255 255 255 255 255 255 255 255 255 255 255 255 255 255 255 255 255 255 255 255 255 255 255 255 255 255 255 255 255 255 255 255 255 255 255 255 255 255 255 255 255 255 255 255 255 255 255 255 255 255 255 255 255 255 255 255 255 255 255 255 255 255 255 255 255 255 255 255 255 255 255 255 255 255 255 255 255 255 255 255 255 247 247 247 132 132 132 155 155 155 162 162 162 157 157 157 132 132 132 241 241 241 255 255 255 255 255 255 255 255 255
255 255 255 255 255 255 255 255 255 255 255 255 255 255 255 255 255 255 255 255 255 255 255 255 255 255 255 255 255 255 255 255 255 255 255 255 255 255 255 255 255 255 255 255 255 255 255 255 255 255 255 255 255 255 255 255 255 255 255 255 255 255 255 255 255 255 255 255 255 255 255 255 255 255 255 255 255 255 255 255 255 255 255 255 233 233 233 188 188 188 99 99 99 218 218 218 252 252 252 213 213 213 41 41 41 231 231 231 255 255 255 255 255 255 255 255 255
255 255 255 255 255 255 255 255 255 255 255 255 255 255 255 255 255 255 255 255 255 255 255 255 255 255 255 255 255 255 255 255 255 255 255 255 255 255 255 255 255 255 255 255 255 255 255 255 255 255 255 255 255 255 255 255 255 255 255 255 255 255 255 255 255 255 255 255 255 255 255 255 255 255 255 255 255 255 255 255 255 255 255 255 177 177 177 56 56 56 252 252 252 251 251 251 252 252 252 214 214 214 41 41 41 230 230 230 255 255 255 255 255 255 255 255 255
255 255 255 255 255 255 255 255 255 255 255 255 48 48 48 44 44 44 45 45 45 64 64 64 255 255 255 255 255 255 255 255 255 255 255 255 255 255 255 255 255 255 255 255 255 255 255 255 255 255 255 255 255 255 255 255 255 255 255 255 255 255 255 255 255 255 255 255 255 255 255 255 255 255 255 255 255 255 255 255 255 116 116 116 119 119 119 248 248 248 252 252 252 252 252 252 252 252 252 222 222 222 88 88 88 49 49 49 169 169 169 255 255 255 255 255 255
255 255 255 255 255 255 214 214 214 107 107 107 106 106 106 105 105 105 106 106 106 106 106 106 107 107 107 108 108 108 108 108 108 107 107 107 108 108 108 107 107 107 108 108 108 156 156 156 255 255 255 255 255 255 255 255 255 255 255 255 255 255 255 255 255 255 131 131 131 108 108 108 107 107 107 108 108 108 107 107 107 64 64 64 65 65 65 117 117 117 252 252 252 252 252 252 252 252 252 243 243 243 201 201 201 59 59 59 167 167 167 255 255 255 255 255 255
255 255 255 255 255 255 195 195 195 41 41 41 133 133 133 135 135 135 135 135 135 126 126 126 41 41 41 41 41 41 83 83 83 123 123 123 124 124 124 124 124 124 84 84 84 96 96 96 171 171 171 171 171 171 170 170 170 171 171 171 171 171 171 171 171 171 77 77 77 60 60 60 75 75 75 124 124 124 124 124 124 124 124 124 93 93 93 49 49 49 169 169 169 169 169 169 209 209 209 252 252 252 252 252 252 65 65 65 168 168 168 255 255 255 255 255 255
255 255 255 243 243 243 183 183 183 50 50 50 130 130 130 133 133 133 135 135 135 125 125 125 41 41 41 40 40 40 138 138 138 231 231 231 231 231 231 247 247 247 160 160 160 90 90 90 61 61 61 45 45 45 46 46 46 48 48 48 49 49 49 46 46 46 82 82 82 97 97 97 142 142 142 252 252 252 252 252 252 252 252 252 183 183 183 61 61 61 62 62 62 46 46 46 131 131 131 235 235 235 252 252 252 65 65 65 167 167 167 255 255 255 255 255 255
255 255 255 132 132 132 67 67 67 135 135 135 90 90 90 121 121 121 135 135 135 126 126 126 41 41 41 41 41 41 41 41 41 41 41 41 41 41 41 199 199 199 237 237 237 252 252 252 247 247 247 88 88 88 89 89 89 109 109 109 128 128 128 89 89 89 88 88 88 178 178 178 252 252 252 252 252 252 252 252 252 252 252 252 252 252 252 252 252 252 252 252 252 89 89 89 41 41 41 79 79 79 252 252 252 65 65 65 168 168 168 255 255 255 255 255 255
255 255 255 131 131 131 67 67 67 135 135 135 126 126 126 106 106 106 83 83 83 57 57 57 41 41 41 41 41 41 40 40 40 41 41 41 40 40 40 72 72 72 79 79 79 128 128 128 222 222 222 220 220 220 124 124 124 92 92 92 115 115 115 220 220 220 219 219 219 237 237 237 252 252 252 252 252 252 252 252 252 252 252 252 251 251 251 252 252 252 252 252 252 220 220 220 129 129 129 48 48 48 83 83 83 45 45 45 168 168 168 255 255 255 255 255 255
161 161 161 100 100 100 85 85 85 135 135 135 135 135 135 119 119 119 85 85 85 51 51 51 149 149 149 62 62 62 41 41 41 62 54 56 139 100 112 139 101 113 78 64 68 68 68 68 129 129 129 233 233 233 187 187 187 172 172 172 182 182 182 252 252 252 252 252 252 252 252 252 251 251 251 252 252 252 252 252 252 252 252 252 252 252 252 252 252 252 252 252 252 252 252 252 202 202 202 128 128 128 41 41 41 41 41 41 168 168 168 255 255 255 255 255 255
69 69 69 74 74 74 106 106 106 125 125 125 125 125 125 118 118 118 103 103 103 102 102 102 255 255 255 83 83 83 41 41 41 82 66 70 235 159 182 238 161 185 142 102 114 69 58 61 45 45 45 178 178 178 226 226 226 248 248 248 252 252 252 252 252 252 252 252 252 252 252 252 252 252 252 252 252 252 252 252 252 252 252 252 252 252 252 252 252 252 252 252 252 252 252 252 252 252 252 222 222 222 85 85 85 46 46 46 167 167 167 255 255 255 255 255 255
69 69 69 95 95 95 122 122 122 89 89 89 89 89 89 55 55 55 125 125 125 255 255 255 255 255 255 83 83 83 40 40 40 82 66 71 234 158 181 254 172 197 242 164 188 172 120 136 40 40 40 41 41 41 167 167 167 230 230 230 252 252 252 252 252 252 252 252 252 252 252 252 252 252 252 252 252 252 252 252 252 252 252 252 251 251 251 252 252 252 252 252 252 252 252 252 251 251 251 252 252 252 252 252 252 64 64 64 167 167 167 255 255 255 255 255 255
69 69 69 71 71 71 104 104 104 130 130 130 131 131 131 69 69 69 125 125 125 255 255 255 255 255 255 83 83 83 41 41 41 81 65 70 235 159 182 253 172 197 254 172 197 242 164 188 214 146 167 41 41 41 167 167 167 231 231 231 252 252 252 252 252 252 252 252 252 252 252 252 251 251 251 252 252 252 252 252 252 252 252 252 252 252 252 252 252 252 252 252 252 252 252 252 172 176 184 85 92 110 85 92 111 45 46 48 168 168 168 255 255 255 255 255 255
68 68 68 85 85 85 114 114 114 107 107 107 106 106 106 61 61 61 125 125 125 255 255 255 255 255 255 190 190 190 106 106 106 56 50 52 115 86 95 232 157 180 251 170 195 248 168 192 229 155 178 41 41 41 168 168 168 231 231 231 252 252 252 252 252 252 252 252 252 252 252 252 252 252 252 252 252 252 252 252 252 252 252 252 252 252 252 252 252 252 252 252 252 165 169 178 105 112 128 69 77 97 69 77 97 44 45 47 168 168 168 255 255 255 255 255 255
69 69 69 86 86 86 115 115 115 104 104 104 104 104 104 60 60 60 125 125 125 255 255 255 255 255 255 255 255 255 146 146 146 41 41 41 40 40 40 161 114 128 219 150 171 224 153 174 169 119 134 40 40 40 168 168 168 230 230 230 252 252 252 252 252 252 252 252 252 252 252 252 252 252 252 252 252 252 252 252 252 252 252 252 252 252 252 252 252 252 251 251 251 111 117 132 68 77 96 73 80 99 91 96 109 47 47 49 167 167 167 255 255 255 255 255 255
68 68 68 69 69 69 102 102 102 133 133 133 134 134 134 70 70 70 125 125 125 255 255 255 255 255 255 255 255 255 150 150 150 46 46 46 41 41 41 41 41 41 158 112 126 168 118 133 41 41 41 47 47 47 170 170 170 231 231 231 252 252 252 247 248 248 247 247 248 247 247 247 248 248 249 252 252 252 252 252 252 252 252 252 252 252 252 252 252 252 252 252 252 115 121 136 72 80 99 82 88 105 137 137 137 51 51 51 167 167 167 255 255 255 255 255 255
69 69 69 68 68 68 89 89 89 89 89 89 89 89 89 56 56 56 125 125 125 255 255 255 255 255 255 255 255 255 255 255 255 210 210 210 41 41 41 41 41 41 41 41 41 41 41 41 47 47 47 252 252 252 252 252 252 252 252 252 228 230 233 83 93 117 71 80 100 69 77 97 114 121 135 252 252 252 252 252 252 251 251 251 252 252 252 252 252 252 252 252 252 255 255 255 166 170 179 100 106 123 240 240 240 64 64 64 167 167 167 255 255 255 255 255 255
69 69 69 68 68 68 99 99 99 122 122 122 123 123 123 114 114 114 105 105 105 113 113 113 255 255 255 255 255 255 255 255 255 210 210 210 41 41 41 41 41 41 137 137 137 196 196 196 198 198 198 252 252 252 252 252 252 198 201 209 120 128 146 72 81 102 69 78 98 68 76 96 81 89 107 117 123 138 246 246 247 254 254 254 254 254 254 254 254 254 252 252 252 148 152 164 95 102 119 100 107 123 240 240 240 63 63 63 74 74 74 97 97 97 98 98 98
68 68 68 80 80 80 116 116 116 135 135 135 115 115 115 114 114 114 94 94 94 72 72 72 161 161 161 161 161 161 161 161 161 135 135 135 40 40 40 126 126 126 207 207 207 252 252 252 252 252 252 252 252 252 252 252 252 176 180 190 79 88 108 98 103 114 74 81 100 69 77 97 69 77 97 69 77 97 244 244 245 254 254 254 255 255 255 255 255 255 254 254 254 115 122 139 75 84 106 105 112 130 240 240 240 141 141 141 90 90 90 83 83 83 135 135 135
96 96 96 100 100 100 123 123 123 128 128 128 90 90 90 89 89 89 86 86 86 78 78 78 40 40 40 65 65 65 71 71 71 65 65 65 41 41 41 234 234 234 252 252 252 252 252 252 252 252 252 252 252 252 250 250 250 176 179 187 89 95 110 152 152 152 105 111 125 81 88 107 69 77 97 68 76 96 244 244 245 254 254 254 255 255 255 255 255 255 255 255 255 142 148 164 108 116 137 128 135 152 218 218 218 212 212 212 135 135 135 123 123 123 224 224 224
255 255 255 132 132 132 54 54 54 89 89 89 88 88 88 89 89 89 70 70 70 41 41 41 41 41 41 210 210 210 252 252 252 207 207 207 41 41 41 234 234 234 252 252 252 252 252 252 251 251 251 252 252 252 243 243 243 194 194 194 151 151 151 255 255 255 255 255 255 153 158 169 69 77 97 69 77 97 244 244 245 254 254 254 255 255 255 255 255 255 255 255 255 255 255 255 255 255 255 225 225 225 88 88 88 47 47 47 41 41 41 41 41 41 41 41 41
255 255 255 132 132 132 54 54 54 89 89 89 89 89 89 61 61 61 116 116 116 220 220 220 220 220 220 246 246 246 252 252 252 208 208 208 40 40 40 107 107 107 114 114 114 114 114 114 117 117 117 252 252 252 243 243 243 233 233 233 229 229 229 255 255 255 122 128 142 82 89 108 68 76 96 69 77 97 246 246 247 255 255 255 253 232 253 249 191 251 249 192 251 253 240 254 255 255 255 250 250 250 230 230 230 99 99 99 165 165 165 223 223 223 223 223 223
255 255 255 201 201 201 132 132 132 62 62 62 62 62 62 128 128 128 195 195 195 252 252 252 252 252 252 252 252 252 252 252 252 208 208 208 41 41 41 85 85 85 145 145 145 179 179 179 178 178 178 135 135 135 131 131 131 152 152 152 191 191 191 255 255 255 105 112 131 76 86 108 101 109 127 173 176 185 251 251 252 255 255 255 249 223 239 241 168 212 240 168 212 252 236 246 255 255 255 255 255 255 255 255 255 108 108 108 187 187 187 255 255 255 255 255 255
255 255 255 255 255 255 195 195 195 41 41 41 95 95 95 203 203 203 252 252 252 252 252 252 252 252 252 252 252 252 252 252 252 220 220 220 95 95 95 128 128 128 206 206 206 252 252 252 247 247 247 97 97 97 97 97 97 126 126 126 178 178 178 255 255 255 148 154 169 127 134 152 160 165 178 255 255 255 255 255 255 255 255 255 250 229 236 240 184 201 240 183 201 252 239 243 255 255 255 248 248 248 212 212 212 141 141 141 204 204 204 255 255 255 255 255 255
255 255 255 255 255 255 195 195 195 41 41 41 248 248 248 252 252 252 252 252 252 252 252 252 252 252 252 252 252 252 251 251 251 252 252 252 252 252 252 252 252 252 252 252 252 252 252 252 252 252 252 255 255 255 255 255 255 255 255 255 255 255 255 255 255 255 255 255 255 255 255 255 255 255 255 255 255 255 255 255 255 255 255 255 255 255 255 255 255 255 255 255 255 255 255 255 255 255 255 225 225 225 89 89 89 236 236 236 255 255 255 255 255 255 255 255 255
255 255 255 137 137 137 59 59 59 87 87 87 249 249 249 252 252 252 252 252 252 252 252 252 252 252 252 252 252 252 252 252 252 252 252 252 252 252 252 252 252 252 252 252 252 252 252 252 248 248 248 95 95 95 61 61 61 48 48 48 55 55 55 95 95 95 230 230 230 255 255 255 255 255 255 255 255 255 255 255 255 255 255 255 255 255 255 255 255 255 255 255 255 255 255 255 179 179 179 123 123 123 249 249 249 254 254 254 255 255 255 255 255 255 255 255 255
255 255 255 132 132 132 85 85 85 197 197 197 251 251 251 252 252 252 252 252 252 252 252 252 252 252 252 252 252 252 252 252 252 252 252 252 252 252 252 252 252 252 252 252 252 252 252 252 251 251 251 198 198 198 107 107 107 73 73 73 90 90 90 200 200 200 246 246 246 255 255 255 255 255 255 255 255 255 255 255 255 255 255 255 215 215 215 144 144 144 144 144 144 144 144 144 171 171 171 210 210 210 255 255 255 255 255 255 255 255 255 255 255 255 255 255 255
255 255 255 132 132 132 100 100 100 252 252 252 252 252 252 252 252 252 252 252 252 252 252 252 252 252 252 252 252 252 252 252 252 252 252 252 252 252 252 252 252 252 252 252 252 252 252 252 251 251 251 252 252 252 177 177 177 149 149 149 164 164 164 254 254 254 254 254 254 254 254 254 254 254 254 254 254 254 254 254 254 214 214 214 149 149 149 76 76 76 151 151 151 151 151 151 200 200 200 255 255 255 255 255 255 255 255 255 255 255 255 255 255 255 255 255 255
255 255 255 131 131 131 100 100 100 252 252 252 252 252 252 252 252 252 252 252 252 252 252 252 252 252 252 252 252 252 252 252 252 252 252 252 252 252 252 252 252 252 252 252 252 252 252 252 252 252 252 240 240 240 248 248 248 252 252 252 252 252 252 252 252 252 252 252 252 252 252 252 252 252 252 252 252 252 240 240 240 140 140 140 77 77 77 69 69 69 239 239 239 252 252 252 255 255 255 255 255 255 255 255 255 255 255 255 255 255 255 255 255 255 255 255 255
255 255 255 132 132 132 100 100 100 252 252 252 252 252 252 252 252 252 252 252 252 252 252 252 252 252 252 252 252 252 252 252 252 252 252 252 252 252 252 252 252 252 252 252 252 252 252 252 247 247 247 89 89 89 208 208 208 252 252 252 252 252 252 252 252 252 251 251 251 254 254 254 254 254 254 251 251 251 96 96 96 89 89 89 149 149 149 237 237 237 40 40 40 207 207 207 255 255 255 255 255 255 255 255 255 255 255 255 255 255 255 255 255 255 255 255 255
110 110 110 156 156 156 219 219 219 252 252 252 252 252 252 252 252 252 252 252 252 252 252 252 252 252 252 252 252 252 252 252 252 252 252 252 252 252 252 252 252 252 252 252 252 252 252 252 247 247 247 89 89 89 115 115 115 124 124 124 142 142 142 252 252 252 254 254 254 255 255 255 222 222 222 125 125 125 125 125 125 185 185 185 229 229 229 240 240 240 78 78 78 86 86 86 167 167 167 255 255 255 255 255 255 255 255 255 255 255 255 255 255 255 255 255 255
68 68 68 162 162 162 252 252 252 252 252 252 252 252 252 252 252 252 252 252 252 252 252 252 252 252 252 253 253 253 254 254 254 253 253 253 253 253 253 252 252 252 252 252 252 252 252 252 250 250 250 168 168 168 168 168 168 134 134 134 97 97 97 149 149 149 238 238 238 223 223 223 163 163 163 66 66 66 187 187 187 233 233 233 253 253 253 248 248 248 169 169 169 88 88 88 105 105 105 170 170 170 255 255 255 255 255 255 255 255 255 255 255 255 255 255 255
69 69 69 163 163 163 252 252 252 252 252 252 252 252 252 252 252 252 252 252 252 252 252 252 252 252 252 255 255 255 255 255 255 255 255 255 255 255 255 253 253 253 252 252 252 252 252 252 252 252 252 252 252 252 252 252 252 195 195 195 109 109 109 41 41 41 187 187 187 161 161 161 98 98 98 41 41 41 245 245 245 255 255 255 255 255 255 255 255 255 255 255 255 151 151 151 83 83 83 80 80 80 255 255 255 255 255 255 255 255 255 255 255 255 255 255 255
69 69 69 162 162 162 251 251 251 252 252 252 252 252 252 252 252 252 252 252 252 252 252 252 251 251 251 255 255 255 255 255 255 255 255 255 255 255 255 255 255 255 253 253 253 252 252 252 252 252 252 252 252 252 252 252 252 252 252 252 223 223 223 40 40 40 41 41 41 41 41 41 40 40 40 41 41 41 245 245 245 255 255 255 255 255 255 255 255 255 255 255 255 255 255 255 153 153 153 80 80 80 255 255 255 255 255 255 255 255 255 255 255 255 255 255 255
68 68 68 164 164 164 254 254 254 252 252 252 252 252 252 252 252 252 252 252 252 252 252 252 255 255 255 255 255 255 201 201 201 130 130 130 63 63 63 63 63 63 63 63 63 125 125 125 255 255 255 252 252 252 254 254 254 253 253 253 249 249 249 233 233 233 71 71 71 146 146 146 232 232 232 233 233 233 71 71 71 190 190 190 255 255 255 255 255 255 253 253 253 254 254 254 153 153 153 80 80 80 255 255 255 255 255 255 255 255 255 255 255 255 255 255 255
69 69 69 164 164 164 255 255 255 254 254 254 254 254 254 254 254 254 253 253 253 240 240 240 126 126 126 126 126 126 102 102 102 98 98 98 169 169 169 170 170 170 169 169 169 156 156 156 130 130 130 254 254 254 255 255 255 255 255 255 254 254 254 255 255 255 181 181 181 145 145 145 159 159 159 255 255 255 50 50 50 181 181 181 253 253 253 254 254 254 254 254 254 255 255 255 153 153 153 80 80 80 255 255 255 255 255 255 255 255 255 255 255 255 255 255 255
69 69 69 164 164 164 255 255 255 255 255 255 255 255 255 255 255 255 229 229 229 174 174 174 41 41 41 41 41 41 41 41 41 85 85 85 255 255 255 255 255 255 255 255 255 186 186 186 46 46 46 218 218 218 246 246 246 255 255 255 255 255 255 255 255 255 253 253 253 137 137 137 95 95 95 255 255 255 113 113 113 160 160 160 187 187 187 188 188 188 190 190 190 190 190 190 150 150 150 133 133 133 255 255 255 255 255 255 255 255 255 255 255 255 255 255 255
69 69 69 164 164 164 255 255 255 255 255 255 255 255 255 254 254 254 171 171 171 42 42 42 42 42 42 43 43 43 43 43 43 88 88 88 255 255 255 255 255 255 255 255 255 186 186 186 45 45 45 134 134 134 222 222 222 255 255 255 255 255 255 255 255 255 255 255 255 138 138 138 94 94 94 255 255 255 255 255 255 115 115 115 43 43 43 42 42 42 43 43 43 42 42 42 144 144 144 255 255 255 255 255 255 255 255 255 255 255 255 255 255 255 255 255 255
69 69 69 163 163 163 255 255 255 255 255 255 255 255 255 108 108 108 125 125 125 255 255 255 255 255 255 255 255 255 255 255 255 255 255 255 255 255 255 255 255 255 255 255 255 255 255 255 249 249 249 41 41 41 198 198 198 254 254 254 252 252 252 252 252 252 255 255 255 138 138 138 95 95 95 255 255 255 255 255 255 255 255 255 255 255 255 255 255 255 255 255 255 255 255 255 255 255 255 255 255 255 255 255 255 255 255 255 255 255 255 255 255 255 255 255 255
202 202 202 142 142 142 102 102 102 103 103 103 103 103 103 165 165 165 218 218 218 255 255 255 255 255 255 255 255 255 255 255 255 255 255 255 255 255 255 255 255 255 255 255 255 255 255 255 249 249 249 41 41 41 197 197 197 252 252 252 252 252 252 254 254 254 127 127 127 152 152 152 209 209 209 255 255 255 255 255 255 255 255 255 255 255 255 255 255 255 255 255 255 255 255 255 255 255 255 255 255 255 255 255 255 255 255 255 255 255 255 255 255 255 255 255 255
255 255 255 183 183 183 130 130 130 130 130 130 130 130 130 216 216 216 255 255 255 255 255 255 255 255 255 255 255 255 255 255 255 255 255 255 255 255 255 255 255 255 255 255 255 255 255 255 251 251 251 130 130 130 155 155 155 164 164 164 164 164 164 165 165 165 136 136 136 199 199 199 255 255 255 255 255 255 255 255 255 255 255 255 255 255 255 255 255 255 255 255 255 255 255 255 255 255 255 255 255 255 255 255 255 255 255 255 255 255 255 255 255 255 255 255 255
255 255 255 255 255 255 255 255 255 255 255 255 255 255 255 255 255 255 255 255 255 255 255 255 255 255 255 255 255 255 255 255 255 255 255 255 255 255 255 255 255 255 255 255 255 255 255 255 255 255 255 255 255 255 255 255 255 255 255 255 66 66 66 255 255 255 255 255 255 255 255 255 255 255 255 255 255 255 255 255 255 255 255 255 255 255 255 255 255 255 255 255 255 255 255 255 255 255 255 255 255 255 255 255 255 255 255 255 255 255 255 255 255 255 255 255 255
