98 163 204 98 163 204 98 163 204 98 163 204 98 163 204 98 163 204 98 163 204 98 163 204 98 163 204 98 163 204 98 163 204 98 163 204 98 163 204 98 163 204 98 163 204 98 163 204 98 163 204 98 163 204 98 163 204 98 163 204 98 163 204 98 163 204 98 163 204 98 163 204 98 163 204 98 163 204 98 163 204 98 163 204 98 163 204 98 163 204 98 163 204 98 163 204 98 163 204 98 163 204
98 163 204 98 163 204 98 163 204 98 163 204 98 163 204 98 163 204 98 163 204 55 74 89 33 31 34 33 31 34 51 60 71 98 163 204 98 163 204 98 163 204 98 163 204 98 163 204 98 163 204 98 163 204 98 163 204 99 164 205 98 163 204 98 163 204 98 163 204 98 163 204 98 163 204 98 163 204 98 163 204 98 163 204 98 163 204 98 163 204 98 163 204 98 163 204 98 163 204 98 163 204
98 163 204 98 163 204 98 163 204 98 163 204 98 163 204 98 163 204 98 163 204 52 75 84 143 103 61 242 169 87 193 139 73 35 31 30 34 30 29 98 163 204 98 163 204 98 163 204 98 163 204 98 163 204 98 163 204 98 163 204 98 163 204 98 163 204 98 163 204 98 163 204 98 163 204 98 163 204 98 163 204 98 163 204 98 163 204 98 163 204 98 163 204 98 163 204 98 163 204 98 163 204
98 163 204 98 163 204 98 163 204 98 163 204 98 163 204 98 163 204 44 53 64 168 123 68 237 170 85 243 169 80 242 169 87 238 171 86 241 168 86 33 31 34 98 163 204 98 163 204 98 163 204 98 163 204 98 163 204 98 163 204 98 163 204 98 163 204 98 163 204 98 163 204 98 163 204 107 167 202 98 163 204 98 163 204 98 163 204 98 163 204 98 163 204 98 163 204 98 163 204 98 163 204
98 163 204 99 164 205 98 163 204 98 163 204 98 163 204 98 163 204 44 53 64 168 123 68 241 180 139 248 189 190 248 189 190 243 188 176 243 169 80 241 168 86 32 30 33 98 163 204 98 163 204 98 163 204 98 163 204 98 163 204 98 163 204 98 163 204 98 163 204 98 163 204 106 166 201 105 165 200 98 163 204 98 163 204 98 163 204 98 163 204 98 163 204 98 163 204 98 163 204 98 163 204
98 163 204 98 163 204 98 163 204 98 163 204 98 163 204 33 36 38 199 144 78 242 169 87 241 180 139 248 189 190 248 189 190 248 189 190 247 187 189 238 171 86 238 171 86 33 31 34 33 31 34 33 31 34 33 31 34 33 31 34 98 163 204 98 163 204 98 163 204 106 166 201 104 164 199 98 163 204 98 163 204 98 163 204 98 163 204 98 163 204 98 163 204 98 163 204 98 163 204 98 163 204
98 163 204 98 163 204 98 163 204 98 163 204 98 163 204 33 36 38 200 145 79 241 174 89 241 180 139 248 189 190 248 189 190 248 189 190 248 189 190 243 189 183 243 169 80 235 169 84 235 169 84 235 169 84 255 250 249 254 251 255 31 34 36 35 38 40 35 38 40 95 155 189 98 163 204 98 163 204 98 163 204 98 163 204 98 163 204 98 163 204 98 163 204 98 163 204 98 163 204 98 163 204
98 163 204 98 163 204 98 163 204 98 163 204 98 163 204 33 36 38 205 149 83 241 181 146 243 189 183 248 189 190 248 189 190 243 188 176 242 169 93 242 169 93 243 169 80 243 169 80 243 169 80 243 169 80 252 255 251 252 255 251 241 238 243 241 236 234 241 236 234 52 58 64 35 38 40 75 117 141 98 163 204 98 163 204 98 163 204 98 163 204 98 163 204 98 163 204 98 163 204 98 163 204
98 163 204 98 163 204 98 163 204 98 163 204 99 164 205 51 48 52 199 144 78 240 181 152 248 189 190 241 184 160 239 173 102 239 173 102 243 169 80 243 169 80 243 169 80 243 169 80 243 169 80 243 169 80 252 255 251 252 255 251 252 255 251 252 255 251 252 255 251 218 215 219 214 212 216 107 113 121 44 53 64 44 53 64 44 53 64 44 53 64 44 53 64 44 53 64 98 163 204 98 163 204
98 163 204 98 163 204 98 163 204 107 167 202 98 163 204 36 34 37 199 144 78 239 173 102 238 175 115 239 173 102 243 169 80 243 169 80 243 169 80 243 169 80 243 169 80 243 169 80 243 169 80 250 228 198 252 255 251 252 255 251 252 255 251 252 255 251 252 255 251 252 255 251 252 255 251 208 205 210 186 183 188 196 191 189 196 191 189 196 191 189 196 191 189 196 191 189 53 68 78 50 68 83
98 163 204 98 163 204 98 163 204 106 166 201 98 163 204 35 33 36 199 144 78 243 169 80 243 169 80 243 169 80 243 169 80 243 169 80 243 169 80 243 169 80 243 169 80 238 171 79 245 221 186 252 255 251 252 255 251 252 255 251 252 255 251 252 255 251 252 255 251 252 255 251 252 255 251 251 248 253 251 248 253 254 241 241 250 214 214 250 214 214 244 214 213 254 251 255 163 167 170 34 32 35
98 163 204 98 163 204 98 163 204 98 163 204 64 94 113 117 86 54 217 153 76 243 169 80 243 169 80 238 186 115 245 211 166 245 211 166 245 211 166 245 211 166 245 211 166 245 211 166 252 255 251 252 255 251 252 255 251 252 255 251 252 255 251 252 255 251 252 255 251 252 255 251 252 255 251 252 255 251 252 255 251 249 244 242 244 214 213 248 189 190 248 189 190 249 221 226 248 252 255 45 43 46
98 163 204 98 163 204 98 163 204 98 163 204 32 30 33 217 170 125 240 197 142 244 201 146 244 201 146 245 221 186 252 255 251 248 250 247 198 179 181 198 179 181 199 180 182 252 255 251 252 255 251 252 255 251 252 255 251 252 255 251 252 255 251 252 255 251 252 255 251 252 255 251 252 255 251 252 255 251 252 255 251 252 255 251 248 243 241 248 189 190 248 189 190 244 214 213 248 252 255 33 31 34
98 163 204 98 163 204 98 163 204 84 126 151 95 92 96 233 235 232 248 252 255 252 255 251 252 255 251 252 255 251 247 241 240 207 194 195 152 119 120 111 67 63 111 67 63 213 201 201 252 255 251 252 255 251 252 255 251 252 255 251 252 255 251 252 255 251 252 255 251 252 255 251 252 255 251 252 255 251 252 255 251 252 255 251 250 245 243 242 206 207 244 192 191 248 252 255 187 192 194 54 69 79
98 163 204 98 163 204 98 163 204 35 31 30 252 255 251 252 255 251 252 255 251 252 255 251 252 255 251 252 255 251 223 211 211 121 77 78 229 221 214 111 67 63 120 75 71 112 68 64 252 255 251 252 255 251 252 255 251 252 255 251 252 255 251 252 255 251 252 255 251 229 224 222 230 220 226 230 220 226 241 236 234 252 255 251 252 255 251 250 252 249 244 201 204 252 255 251 34 30 29 99 164 205
98 163 204 98 163 204 98 163 204 35 31 30 252 255 251 252 255 251 252 255 251 252 255 251 252 255 251 252 255 251 223 211 211 111 67 63 111 67 63 119 74 70 116 72 67 111 67 63 252 255 251 252 255 251 252 255 251 252 255 251 252 255 251 252 255 251 247 241 240 129 90 88 111 68 69 111 67 63 171 150 147 250 245 243 252 255 251 252 255 251 252 255 251 241 243 240 35 38 40 98 163 204
98 163 204 98 163 204 98 163 204 35 31 30 252 255 251 252 255 251 252 255 251 252 255 251 252 255 251 252 255 251 223 211 211 112 68 64 119 74 70 111 67 63 112 68 64 110 67 68 252 255 251 252 255 251 255 250 249 255 250 249 252 255 251 252 255 251 111 67 63 241 236 234 141 102 106 111 67 63 111 67 63 156 129 128 252 255 251 255 250 249 232 234 231 35 31 30 98 163 204 98 163 204
98 163 204 98 163 204 98 163 204 35 31 30 252 255 251 252 255 251 252 255 251 234 182 182 232 144 139 232 144 139 234 168 167 246 240 239 110 67 68 111 68 69 115 66 69 252 255 251 252 255 251 252 255 251 110 67 68 110 67 68 252 255 251 252 255 251 111 67 63 111 67 63 111 67 63 111 67 63 111 67 63 156 129 128 252 255 251 255 250 249 232 234 231 35 31 30 98 163 204 98 163 204
98 163 204 98 163 204 98 163 204 35 31 30 252 255 251 252 255 251 252 255 251 234 182 182 232 144 139 232 144 139 234 168 167 252 255 251 252 255 251 252 255 251 252 255 251 252 255 251 252 255 251 252 255 251 252 255 251 252 255 251 252 255 251 252 255 251 114 65 68 111 67 63 111 67 63 111 67 63 112 68 64 156 129 128 252 255 251 242 244 241 33 31 34 98 163 204 98 163 204 98 163 204
98 163 204 98 163 204 98 163 204 35 31 30 252 255 251 252 255 251 252 255 251 234 182 182 232 144 139 232 144 139 234 168 167 252 255 251 252 255 251 252 255 251 252 255 251 111 67 63 254 251 255 254 251 255 116 66 64 252 255 251 252 255 251 252 255 251 252 255 251 123 79 80 111 67 63 111 67 63 182 154 153 254 251 255 254 251 255 240 245 247 33 31 34 98 163 204 98 163 204 98 163 204
98 163 204 98 163 204 98 163 204 35 31 30 233 235 232 232 234 231 232 234 231 232 234 231 232 234 231 241 243 240 252 255 251 252 255 251 252 255 251 252 255 251 252 255 251 254 251 255 112 68 64 112 68 64 252 255 251 113 64 67 111 67 63 252 255 251 252 255 251 252 255 251 252 255 251 236 184 184 232 144 139 232 144 139 231 165 163 246 243 247 33 31 34 98 163 204 98 163 204 98 163 204
98 163 204 98 163 204 98 163 204 98 163 204 34 30 29 188 186 190 194 191 195 194 191 195 194 191 195 210 207 212 240 237 242 252 255 251 252 255 251 252 255 251 252 255 251 252 255 251 252 255 251 252 255 251 252 255 251 252 255 251 252 255 251 252 255 251 252 255 251 252 255 251 231 165 163 209 174 174 191 194 190 191 194 190 208 203 201 246 243 247 33 31 34 98 163 204 98 163 204 98 163 204
98 163 204 98 163 204 98 163 204 98 163 204 34 30 29 246 243 247 252 255 251 252 255 251 252 255 251 230 232 229 204 201 205 234 237 233 252 255 251 252 255 251 252 255 251 252 255 251 252 255 251 252 255 251 252 255 251 252 255 251 252 255 251 252 255 251 252 255 251 234 237 233 200 202 199 235 230 229 252 255 251 252 255 251 211 213 210 33 36 38 98 163 204 98 163 204 98 163 204 98 163 204
98 163 204 98 163 204 98 163 204 37 30 35 252 255 251 252 255 251 252 255 251 252 255 251 252 255 251 252 255 251 240 242 239 195 197 194 232 234 231 252 255 251 232 234 231 232 234 231 232 234 231 232 234 231 232 234 231 252 255 251 252 255 251 252 255 251 233 235 232 195 197 194 239 241 238 252 255 251 252 255 251 252 255 251 252 255 251 247 241 240 33 31 34 103 163 198 98 163 204 98 163 204
98 163 204 98 163 204 98 163 204 35 33 36 252 255 251 252 255 251 200 202 199 231 233 230 222 224 221 212 214 211 240 242 239 195 197 194 232 234 231 232 234 231 232 234 231 232 234 231 232 234 231 232 234 231 232 234 231 232 234 231 232 234 231 232 234 231 232 234 231 195 197 194 239 241 238 213 215 212 221 223 220 231 233 230 199 201 198 222 224 221 32 30 33 98 163 204 98 163 204 98 163 204
34 30 29 35 31 30 35 31 30 45 43 46 35 31 30 190 185 184 224 227 223 205 208 204 212 214 211 156 159 156 35 31 30 35 31 30 35 31 30 35 31 30 35 31 30 35 31 30 35 31 30 35 31 30 41 37 36 45 41 40 35 31 30 35 31 30 35 31 30 35 31 30 192 189 193 232 234 231 212 214 211 205 208 204 224 227 223 185 187 184 35 31 30 35 31 30 35 31 30 37 33 32
98 163 204 100 165 206 108 168 203 99 164 205 99 164 205 33 36 38 31 32 30 31 32 30 31 32 30 59 77 93 98 163 204 98 163 204 98 163 204 98 163 204 98 163 204 98 163 204 98 163 204 98 163 204 98 163 204 98 163 204 98 163 204 98 163 204 98 163 204 98 163 204 47 55 67 32 30 33 32 30 33 32 30 33 32 30 33 32 37 44 94 164 198 94 164 198 94 164 198 94 164 198
106 166 201 98 163 204 98 163 204 98 163 204 98 163 204 98 163 204 98 163 204 98 163 204 98 163 204 98 163 204 98 163 204 98 163 204 98 163 204 98 163 204 98 163 204 98 163 204 98 163 204 98 163 204 98 163 204 98 163 204 98 163 204 98 163 204 98 163 204 98 163 204 98 163 204 98 163 204 98 163 204 98 163 204 98 163 204 98 163 204 98 163 204 98 163 204 98 163 204 98 163 204
107 167 202 99 164 205 98 163 204 98 163 204 98 163 204 98 163 204 98 163 204 98 163 204 98 163 204 98 163 204 98 163 204 98 163 204 98 163 204 98 163 204 98 163 204 99 164 205 98 163 204 98 163 204 98 163 204 98 163 204 98 163 204 98 163 204 98 163 204 98 163 204 98 163 204 98 163 204 98 163 204 98 163 204 98 163 204 98 163 204 98 163 204 98 163 204 98 163 204 98 163 204
98 163 204 98 163 204 98 163 204 98 163 204 98 163 204 98 163 204 98 163 204 98 163 204 98 163 204 98 163 204 98 163 204 98 163 204 98 163 204 98 163 204 98 163 204 98 163 204 98 163 204 98 163 204 98 163 204 98 163 204 98 163 204 98 163 204 98 163 204 98 163 204 98 163 204 98 163 204 98 163 204 98 163 204 99 164 205 99 164 205 107 167 202 98 163 204 98 163 204 98 163 204
98 163 204 98 163 204 98 163 204 98 163 204 98 163 204 98 163 204 98 163 204 98 163 204 98 163 204 98 163 204 98 163 204 98 163 204 98 163 204 98 163 204 98 163 204 98 163 204 98 163 204 98 163 204 98 163 204 98 163 204 98 163 204 98 163 204 98 163 204 98 163 204 98 163 204 98 163 204 98 163 204 98 163 204 98 163 204 106 166 201 98 163 204 98 163 204 98 163 204 98 163 204
98 163 204 98 163 204 98 163 204 98 163 204 98 163 204 98 163 204 98 163 204 98 163 204 98 163 204 98 163 204 98 163 204 98 163 204 98 163 204 98 163 204 98 163 204 98 163 204 98 163 204 98 163 204 98 163 204 98 163 204 98 163 204 98 163 204 98 163 204 98 163 204 98 163 204 98 163 204 98 163 204 108 168 203 99 164 205 98 163 204 98 163 204 98 163 204 98 163 204 98 163 204
98 163 204 98 163 204 98 163 204 98 163 204 98 163 204 98 163 204 98 163 204 98 163 204 98 163 204 98 163 204 98 163 204 107 167 202 99 164 205 98 163 204 98 163 204 98 163 204 98 163 204 98 163 204 98 163 204 99 164 205 98 163 204 98 163 204 98 163 204 98 163 204 98 163 204 98 163 204 110 169 204 104 164 199 98 163 204 98 163 204 98 163 204 98 163 204 98 163 204 98 163 204
98 163 204 98 163 204 98 163 204 98 163 204 98 163 204 98 163 204 98 163 204 98 163 204 98 163 204 98 163 204 107 167 202 106 166 201 98 163 204 98 163 204 98 163 204 98 163 204 98 163 204 98 163 204 98 163 204 98 163 204 98 163 204 98 163 204 98 163 204 98 163 204 98 163 204 98 163 204 98 163 204 98 163 204 98 163 204 98 163 204 98 163 204 98 163 204 98 163 204 98 163 204
