0 0 0 0 0 0 0 0 0 0 0 0 0 0 0 0 0 0 0 0 0 0 0 0 0 0 0 0 0 0 0 0 0 0 0 0 0 0 0 0 0 0 0 0 0 0 0 0 0 0 0 0 0 0 0 0 0 0 0 0 0 0 0 0 0 0 0 0 0 0 0 0 0 0 0 0 0 0 0 0 0 0 0 0 0 0 0 0 0 0 0 0 0 0 0 0 0 0 0 0 0 0 0 0 0 0 0 0 0 0 0 0 0 0 0 0 0 0 0 0 0 0 0 0 0 0 196 127 5 0 0 0 0 0 0 0 0 0 0 0 0
0 0 0 0 0 0 0 0 0 0 0 0 0 0 0 0 0 0 0 0 0 0 0 0 0 0 0 0 0 0 0 0 0 0 0 0 0 0 0 0 0 0 0 0 0 0 0 0 0 0 0 0 0 0 0 0 0 0 0 0 0 0 0 0 0 0 0 0 0 0 0 0 0 0 0 0 0 0 0 0 0 0 0 0 0 0 0 0 0 0 0 0 0 0 0 0 0 0 0 0 0 0 0 0 0 0 0 0 0 0 0 0 0 0 0 0 0 0 0 0 0 0 0 196 127 5 239 217 103 196 127 5 0 0 0 0 0 0 0 0 0
0 0 0 0 0 0 0 0 0 0 0 0 0 0 0 0 0 0 0 0 0 0 0 0 0 0 0 206 242 255 209 237 255 0 0 0 0 0 0 0 0 0 0 0 0 0 0 0 0 0 0 0 0 0 0 0 0 0 0 0 0 0 0 0 0 0 0 0 0 0 0 0 0 0 0 0 0 0 0 0 0 0 0 0 0 0 0 0 0 0 0 0 0 0 0 0 0 0 0 0 0 0 0 0 0 0 0 0 0 0 0 0 0 0 0 0 0 0 0 0 196 127 5 248 246 145 248 246 145 196 127 5 0 0 0 0 0 0 0 0 0
0 0 0 0 0 0 0 0 0 0 0 0 0 0 0 0 0 0 0 0 0 0 0 0 206 242 255 207 242 255 207 242 255 209 237 255 0 0 0 0 0 0 0 0 0 0 0 0 0 0 0 0 0 0 0 0 0 0 0 0 0 0 0 0 0 0 54 50 61 54 50 61 54 50 61 0 0 0 0 0 0 0 0 0 0 0 0 0 0 0 0 0 0 0 0 0 0 0 0 0 0 0 0 0 0 0 0 0 0 0 0 0 0 0 0 0 0 181 115 9 239 217 103 239 217 103 196 127 5 0 0 0 0 0 0 0 0 0 0 0 0
0 0 0 0 0 0 0 0 0 0 0 0 0 0 0 0 0 0 0 0 0 0 0 0 206 242 255 207 242 255 207 242 255 209 237 255 0 0 0 0 0 0 0 0 0 0 0 0 0 0 0 0 0 0 0 0 0 0 0 0 0 0 0 54 50 61 255 255 255 255 255 255 255 255 255 54 50 61 0 0 0 0 0 0 0 0 0 0 0 0 0 0 0 0 0 0 0 0 0 54 50 61 54 50 61 0 0 0 0 0 0 0 0 0 181 115 9 248 246 145 248 246 145 248 246 145 196 127 5 0 0 0 0 0 0 0 0 0 0 0 0
0 0 0 0 0 0 0 0 0 0 0 0 0 0 0 0 0 0 0 0 0 0 0 0 0 0 0 206 242 255 209 237 255 0 0 0 0 0 0 0 0 0 0 0 0 54 50 61 54 50 61 54 50 61 54 50 61 0 0 0 0 0 0 54 50 61 255 255 255 255 255 255 255 255 255 255 255 255 54 50 61 0 0 0 0 0 0 0 0 0 73 62 96 54 50 61 54 50 61 255 255 255 255 255 255 54 50 61 73 62 96 73 62 96 239 217 103 239 217 103 239 217 103 181 115 9 0 0 0 0 0 0 0 0 0 0 0 0 0 0 0
0 0 0 0 0 0 0 0 0 0 0 0 0 0 0 0 0 0 0 0 0 0 0 0 0 0 0 0 0 0 0 0 0 0 0 0 0 0 0 0 0 0 54 50 61 255 255 255 255 255 255 255 255 255 255 255 255 54 50 61 54 50 61 224 224 224 255 255 255 255 255 255 255 255 255 255 255 255 54 50 61 0 0 0 73 62 96 73 62 96 238 52 53 54 50 61 255 255 255 255 255 255 244 186 219 54 50 61 238 52 53 238 52 53 73 62 96 248 246 145 248 246 145 181 115 9 0 0 0 0 0 0 0 0 0 0 0 0 0 0 0
0 0 0 0 0 0 0 0 0 0 0 0 0 0 0 0 0 0 0 0 0 0 0 0 0 0 0 0 0 0 0 0 0 0 0 0 0 0 0 0 0 0 54 50 61 255 255 255 255 255 255 255 255 255 255 255 255 255 255 255 255 255 255 54 50 61 224 224 224 255 255 255 255 255 255 255 255 255 255 255 255 73 62 96 238 52 53 238 52 53 238 52 53 54 50 61 255 255 255 239 175 230 244 186 219 54 50 61 238 52 53 255 123 77 255 123 77 73 62 96 73 62 96 0 0 0 0 0 0 0 0 0 0 0 0 0 0 0 0 0 0
0 0 0 0 0 0 0 0 0 0 0 0 206 242 255 209 237 255 0 0 0 0 0 0 0 0 0 0 0 0 0 0 0 0 0 0 0 0 0 0 0 0 0 0 0 54 50 61 54 50 61 255 255 255 255 255 255 255 255 255 255 255 255 255 255 255 54 50 61 224 224 224 224 224 224 224 224 224 73 62 96 255 123 77 255 123 77 238 52 53 238 52 53 54 50 61 255 255 255 224 155 211 255 255 255 255 255 255 255 123 77 255 123 77 242 237 54 242 237 54 163 191 43 73 62 96 0 0 0 0 0 0 0 0 0 0 0 0 0 0 0
0 0 0 0 0 0 0 0 0 0 0 0 206 242 255 209 237 255 0 0 0 0 0 0 0 0 0 0 0 0 0 0 0 0 0 0 0 0 0 0 0 0 54 50 61 255 255 255 255 255 255 255 255 255 255 255 255 255 255 255 255 255 255 255 255 255 54 50 61 224 224 224 224 224 224 73 62 96 255 123 77 255 123 77 255 123 77 255 123 77 255 123 77 255 255 255 255 255 255 255 255 255 255 255 255 255 255 255 255 255 255 242 237 54 242 237 54 163 191 43 163 191 43 82 212 247 73 62 96 0 0 0 0 0 0 0 0 0 0 0 0
0 0 0 0 0 0 0 0 0 0 0 0 0 0 0 0 0 0 0 0 0 0 0 0 0 0 0 255 230 249 0 0 0 0 0 0 0 0 0 0 0 0 0 0 0 54 50 61 255 255 255 255 255 255 255 255 255 255 255 255 255 255 255 255 255 255 255 255 255 54 50 61 224 224 224 73 62 96 242 237 54 242 237 54 255 123 77 255 123 77 255 123 77 73 62 96 255 255 255 255 255 255 255 255 255 255 255 255 255 255 255 54 50 61 163 191 43 163 191 43 82 212 247 82 212 247 73 62 96 0 0 0 0 0 0 0 0 0 0 0 0
0 0 0 0 0 0 0 0 0 0 0 0 0 0 0 0 0 0 0 0 0 0 0 0 0 0 0 0 0 0 0 0 0 0 0 0 0 0 0 0 0 0 0 0 0 0 0 0 54 50 61 54 50 61 54 50 61 255 255 255 255 255 255 255 255 255 255 255 255 54 50 61 73 62 96 242 237 54 242 237 54 242 237 54 242 237 54 242 237 54 255 123 77 255 123 77 73 62 96 255 255 255 255 255 255 255 255 255 54 50 61 255 255 255 54 50 61 255 255 255 255 255 255 255 255 255 255 255 255 54 50 61 54 50 61 0 0 0 0 0 0
0 0 0 0 0 0 0 0 0 0 0 0 0 0 0 0 0 0 0 0 0 0 0 0 0 0 0 0 0 0 0 0 0 0 0 0 0 0 0 0 0 0 0 0 0 0 0 0 0 0 0 54 50 61 255 255 255 255 255 255 255 255 255 255 255 255 255 255 255 73 62 96 163 191 43 163 191 43 163 191 43 163 191 43 242 237 54 242 237 54 242 237 54 242 237 54 73 62 96 255 255 255 255 255 255 255 255 255 54 50 61 255 255 255 54 50 61 255 255 255 255 255 255 255 255 255 255 255 255 255 255 255 255 255 255 54 50 61 0 0 0
0 0 0 0 0 0 0 0 0 0 0 0 0 0 0 0 0 0 0 0 0 0 0 0 0 0 0 0 0 0 0 0 0 0 0 0 0 0 0 0 0 0 0 0 0 0 0 0 0 0 0 54 50 61 255 255 255 255 255 255 255 255 255 255 255 255 255 255 255 73 62 96 163 191 43 163 191 43 163 191 43 163 191 43 163 191 43 163 191 43 163 191 43 163 191 43 73 62 96 255 255 255 255 182 234 255 182 234 255 255 255 255 255 255 255 255 255 255 255 255 255 255 255 255 255 255 255 255 255 255 255 255 255 255 255 255 255 255 54 50 61
0 0 0 0 0 0 0 0 0 0 0 0 0 0 0 0 0 0 0 0 0 54 50 61 54 50 61 54 50 61 54 50 61 54 50 61 0 0 0 0 0 0 0 0 0 54 50 61 54 50 61 54 50 61 54 50 61 255 255 255 255 255 255 255 255 255 73 62 96 82 212 247 82 212 247 82 212 247 163 191 43 163 191 43 163 191 43 163 191 43 82 212 247 82 212 247 73 62 96 255 255 255 255 182 234 255 182 234 255 255 255 255 255 255 255 255 255 255 255 255 255 255 255 255 255 255 209 202 209 255 255 255 255 255 255 209 202 209 54 50 61
0 0 0 0 0 0 0 0 0 0 0 0 0 0 0 0 0 0 54 50 61 242 237 54 255 123 77 255 123 77 238 52 53 238 52 53 54 50 61 0 0 0 54 50 61 255 255 255 255 255 255 224 224 224 224 224 224 54 50 61 54 50 61 255 255 255 73 62 96 9 164 211 9 164 211 82 212 247 82 212 247 82 212 247 82 212 247 82 212 247 82 212 247 82 212 247 73 62 96 255 255 255 255 255 255 255 255 255 255 255 255 255 255 255 255 255 255 255 255 255 255 255 255 255 255 255 209 202 209 255 255 255 255 255 255 209 202 209 54 50 61
0 0 0 0 0 0 0 0 0 0 0 0 0 0 0 54 50 61 242 237 54 242 237 54 242 237 54 255 123 77 255 123 77 238 52 53 238 52 53 54 50 61 255 255 255 255 255 255 255 255 255 255 255 255 255 255 255 255 255 255 224 224 224 73 62 96 73 62 96 9 164 211 9 164 211 9 164 211 82 212 247 82 212 247 82 212 247 9 164 211 9 164 211 9 164 211 73 62 96 255 255 255 255 255 255 255 255 255 255 255 255 255 255 255 255 255 255 255 255 255 255 255 255 255 255 255 255 255 255 255 255 255 255 255 255 255 255 255 54 50 61
0 0 0 0 0 0 0 0 0 0 0 0 54 50 61 163 191 43 163 191 43 242 237 54 242 237 54 242 237 54 255 123 77 255 123 77 238 52 53 54 50 61 255 255 255 255 255 255 255 255 255 255 255 255 255 255 255 255 255 255 73 62 96 9 164 211 73 62 96 9 164 211 9 164 211 9 164 211 9 164 211 9 164 211 9 164 211 9 164 211 9 164 211 73 62 96 255 255 255 255 255 255 255 255 255 255 255 255 255 255 255 255 255 255 54 50 61 54 50 61 54 50 61 255 255 255 255 255 255 255 255 255 255 255 255 54 50 61 0 0 0
0 0 0 0 0 0 0 0 0 54 50 61 82 212 247 163 191 43 163 191 43 163 191 43 242 237 54 242 237 54 242 237 54 255 123 77 54 50 61 255 255 255 255 255 255 255 255 255 255 255 255 255 255 255 255 255 255 255 255 255 73 62 96 119 80 226 119 80 226 119 80 226 9 164 211 9 164 211 9 164 211 9 164 211 9 164 211 119 80 226 119 80 226 73 62 96 255 255 255 255 255 255 255 255 255 255 255 255 255 255 255 54 50 61 0 0 0 0 0 0 0 0 0 54 50 61 54 50 61 54 50 61 54 50 61 0 0 0 0 0 0
0 0 0 0 0 0 0 0 0 54 50 61 82 212 247 82 212 247 163 191 43 163 191 43 163 191 43 163 191 43 242 237 54 242 237 54 54 50 61 255 255 255 255 255 255 255 255 255 255 182 234 255 255 255 255 255 255 255 255 255 255 255 255 73 62 96 119 80 226 119 80 226 119 80 226 119 80 226 119 80 226 119 80 226 119 80 226 119 80 226 73 62 96 255 255 255 255 255 255 255 255 255 255 255 255 255 255 255 54 50 61 0 0 0 0 0 0 0 0 0 0 0 0 0 0 0 0 0 0 0 0 0 0 0 0 0 0 0 0 0 0
0 0 0 54 50 61 54 50 61 9 164 211 9 164 211 82 212 247 82 212 247 82 212 247 163 191 43 163 191 43 163 191 43 163 191 43 54 50 61 255 255 255 255 255 255 255 182 234 255 255 255 255 182 234 255 255 255 255 255 255 255 255 255 255 255 255 73 62 96 73 62 96 119 80 226 119 80 226 119 80 226 119 80 226 73 62 96 73 62 96 255 255 255 255 255 255 255 255 255 255 255 255 255 255 255 54 50 61 0 0 0 0 0 0 0 0 0 0 0 0 0 0 0 0 0 0 0 0 0 0 0 0 0 0 0 0 0 0 0 0 0
54 50 61 119 80 226 54 50 61 9 164 211 9 164 211 9 164 211 9 164 211 82 212 247 82 212 247 82 212 247 82 212 247 54 50 61 54 50 61 255 255 255 255 255 255 255 255 255 255 182 234 255 255 255 255 255 255 255 255 255 255 255 255 255 255 255 255 255 255 255 255 255 73 62 96 73 62 96 73 62 96 73 62 96 255 255 255 255 255 255 255 255 255 255 255 255 255 255 255 255 255 255 54 50 61 0 0 0 0 0 0 0 0 0 0 0 0 0 0 0 0 0 0 0 0 0 0 0 0 0 0 0 207 241 255 0 0 0 0 0 0
54 50 61 119 80 226 119 80 226 119 80 226 9 164 211 9 164 211 9 164 211 9 164 211 9 164 211 9 164 211 9 164 211 54 50 61 54 50 61 255 255 255 255 255 255 255 255 255 255 255 255 255 255 255 255 255 255 255 255 255 255 255 255 255 255 255 255 255 255 255 255 255 255 255 255 255 255 255 255 255 255 255 255 255 255 255 255 255 255 255 255 255 255 255 255 255 255 255 255 54 50 61 224 224 224 54 50 61 54 50 61 0 0 0 0 0 0 0 0 0 0 0 0 0 0 0 0 0 0 207 241 255 207 241 255 207 241 255 0 0 0
0 0 0 54 50 61 119 80 226 119 80 226 119 80 226 119 80 226 9 164 211 9 164 211 9 164 211 9 164 211 54 50 61 0 0 0 54 50 61 255 255 255 255 255 255 255 255 255 255 255 255 255 255 255 255 255 255 255 255 255 255 255 255 255 255 255 255 255 255 255 255 255 255 255 255 255 255 255 255 255 255 255 255 255 255 255 255 255 255 255 255 255 255 255 255 255 54 50 61 224 224 224 224 224 224 255 255 255 255 255 255 54 50 61 0 0 0 0 0 0 0 0 0 0 0 0 0 0 0 207 241 255 207 241 255 207 241 255 0 0 0
0 0 0 0 0 0 54 50 61 54 50 61 119 80 226 119 80 226 119 80 226 119 80 226 119 80 226 54 50 61 0 0 0 0 0 0 0 0 0 54 50 61 255 255 255 255 255 255 255 255 255 255 255 255 255 255 255 54 50 61 255 255 255 255 255 255 255 255 255 255 255 255 255 255 255 255 255 255 54 50 61 255 255 255 255 255 255 255 255 255 255 255 255 255 255 255 54 50 61 224 224 224 255 255 255 255 255 255 255 255 255 255 255 255 54 50 61 0 0 0 0 0 0 0 0 0 0 0 0 0 0 0 207 241 255 0 0 0 0 0 0
0 0 0 0 0 0 0 0 0 0 0 0 54 50 61 54 50 61 54 50 61 54 50 61 54 50 61 0 0 0 0 0 0 0 0 0 0 0 0 54 50 61 255 255 255 255 255 255 255 255 255 255 255 255 255 255 255 255 255 255 54 50 61 255 255 255 255 255 255 255 255 255 255 255 255 255 255 255 54 50 61 255 255 255 255 255 255 255 255 255 255 255 255 255 255 255 54 50 61 224 224 224 255 255 255 255 255 255 255 255 255 255 255 255 54 50 61 0 0 0 0 0 0 0 0 0 0 0 0 0 0 0 0 0 0 0 0 0 255 229 249
0 0 0 0 0 0 0 0 0 0 0 0 0 0 0 0 0 0 0 0 0 0 0 0 0 0 0 0 0 0 0 0 0 54 50 61 54 50 61 224 224 224 54 50 61 255 255 255 255 255 255 255 255 255 255 255 255 255 255 255 255 255 255 54 50 61 224 224 224 224 224 224 224 224 224 224 224 224 54 50 61 255 255 255 255 255 255 255 255 255 255 255 255 255 255 255 54 50 61 224 224 224 255 255 255 255 255 255 255 255 255 255 255 255 255 255 255 54 50 61 0 0 0 0 0 0 0 0 0 0 0 0 0 0 0 0 0 0 255 229 249
0 0 0 0 0 0 0 0 0 0 0 0 0 0 0 0 0 0 0 0 0 0 0 0 0 0 0 0 0 0 54 50 61 239 217 103 255 255 255 255 255 255 224 224 224 54 50 61 255 255 255 255 255 255 255 255 255 255 255 255 255 255 255 255 255 255 54 50 61 54 50 61 54 50 61 54 50 61 54 50 61 255 255 255 255 255 255 255 255 255 255 255 255 255 255 255 54 50 61 54 50 61 54 50 61 255 255 255 255 255 255 255 255 255 255 255 255 239 217 103 54 50 61 0 0 0 0 0 0 0 0 0 0 0 0 0 0 0 0 0 0
0 0 0 0 0 0 0 0 0 0 0 0 0 0 0 0 0 0 0 0 0 0 0 0 0 0 0 0 0 0 54 50 61 239 217 103 255 255 255 255 255 255 255 255 255 224 224 224 54 50 61 255 255 255 255 255 255 255 255 255 255 255 255 255 255 255 54 50 61 0 0 0 0 0 0 0 0 0 54 50 61 255 255 255 255 255 255 255 255 255 255 255 255 255 255 255 54 50 61 0 0 0 54 50 61 239 217 103 239 217 103 239 217 103 239 217 103 239 217 103 54 50 61 0 0 0 0 0 0 0 0 0 0 0 0 0 0 0 0 0 0
0 0 0 0 0 0 0 0 0 0 0 0 0 0 0 0 0 0 0 0 0 0 0 0 0 0 0 0 0 0 54 50 61 239 217 103 255 255 255 255 255 255 255 255 255 224 224 224 54 50 61 255 255 255 255 255 255 255 255 255 255 255 255 255 255 255 54 50 61 0 0 0 0 0 0 54 50 61 255 255 255 255 255 255 255 255 255 255 255 255 255 255 255 54 50 61 0 0 0 0 0 0 0 0 0 54 50 61 54 50 61 54 50 61 54 50 61 54 50 61 0 0 0 0 0 0 0 0 0 0 0 0 0 0 0 0 0 0 0 0 0
0 0 0 0 0 0 0 0 0 0 0 0 0 0 0 207 241 255 0 0 0 0 0 0 0 0 0 0 0 0 54 50 61 239 217 103 255 255 255 255 255 255 54 50 61 54 50 61 0 0 0 54 50 61 255 255 255 255 255 255 255 255 255 255 255 255 54 50 61 0 0 0 54 50 61 239 217 103 255 255 255 255 255 255 255 255 255 255 255 255 255 255 255 54 50 61 0 0 0 0 0 0 0 0 0 0 0 0 0 0 0 0 0 0 0 0 0 0 0 0 0 0 0 0 0 0 0 0 0 0 0 0 0 0 0 0 0 0 0 0 0
0 0 0 0 0 0 255 229 249 0 0 0 0 0 0 207 241 255 0 0 0 0 0 0 0 0 0 0 0 0 54 50 61 239 217 103 239 217 103 54 50 61 0 0 0 0 0 0 0 0 0 54 50 61 255 255 255 255 255 255 255 255 255 255 255 255 54 50 61 0 0 0 54 50 61 239 217 103 255 255 255 255 255 255 255 255 255 255 255 255 54 50 61 0 0 0 0 0 0 0 0 0 0 0 0 0 0 0 0 0 0 0 0 0 0 0 0 0 0 0 0 0 0 0 0 0 0 0 0 0 0 0 0 0 0 0 0 0 0 0 0
0 0 0 0 0 0 255 229 249 0 0 0 0 0 0 0 0 0 207 239 255 207 239 255 0 0 0 0 0 0 0 0 0 54 50 61 54 50 61 0 0 0 0 0 0 0 0 0 0 0 0 54 50 61 255 255 255 255 255 255 255 255 255 255 255 255 54 50 61 0 0 0 54 50 61 239 217 103 239 217 103 255 255 255 255 255 255 54 50 61 0 0 0 0 0 0 0 0 0 0 0 0 0 0 0 0 0 0 0 0 0 0 0 0 0 0 0 0 0 0 0 0 0 0 0 0 0 0 0 0 0 0 0 0 0 0 0 0 0 0 0
0 0 0 0 0 0 0 0 0 0 0 0 0 0 0 0 0 0 207 239 255 207 239 255 0 0 0 0 0 0 0 0 0 0 0 0 0 0 0 0 0 0 0 0 0 0 0 0 0 0 0 54 50 61 239 217 103 239 217 103 239 217 103 239 217 103 54 50 61 0 0 0 0 0 0 54 50 61 239 217 103 239 217 103 54 50 61 0 0 0 0 0 0 0 0 0 0 0 0 0 0 0 0 0 0 0 0 0 0 0 0 0 0 0 0 0 0 0 0 0 0 0 0 0 0 0 0 0 0 0 0 0 0 0 0 0 0 0 0 0 0
0 0 0 0 0 0 0 0 0 0 0 0 0 0 0 0 0 0 0 0 0 0 0 0 0 0 0 0 0 0 0 0 0 0 0 0 0 0 0 0 0 0 0 0 0 0 0 0 0 0 0 0 0 0 54 50 61 54 50 61 54 50 61 54 50 61 0 0 0 0 0 0 0 0 0 0 0 0 54 50 61 54 50 61 0 0 0 0 0 0 0 0 0 0 0 0 0 0 0 0 0 0 0 0 0 0 0 0 0 0 0 0 0 0 0 0 0 0 0 0 0 0 0 0 0 0 0 0 0 0 0 0 0 0 0 0 0 0 0 0 0
