0 0 0 0 0 0 0 0 0 0 0 0 0 0 0 0 0 0 0 0 0 0 0 0 0 0 0 0 0 0 0 0 0 0 0 0 0 0 0 0 0 0 0 0 0 0 0 0 62 33 56 62 33 56 0 0 0 0 0 0 0 0 0 0 0 0 0 0 0 0 0 0 0 0 0 0 0 0 0 0 0 62 33 56 62 33 56 62 33 56 0 0 0 0 0 0
0 0 0 0 0 0 0 0 0 0 0 0 0 0 0 0 0 0 0 0 0 0 0 0 0 0 0 0 0 0 0 0 0 0 0 0 0 0 0 0 0 0 62 33 56 62 33 56 111 118 124 111 118 124 62 33 56 62 33 56 62 33 56 62 33 56 62 33 56 62 33 56 62 33 56 62 33 56 62 33 56 62 33 56 111 118 124 111 118 124 62 33 56 0 0 0
0 0 0 0 0 0 0 0 0 0 0 0 0 0 0 0 0 0 0 0 0 0 0 0 0 0 0 0 0 0 0 0 0 0 0 0 0 0 0 62 33 56 62 33 56 111 118 124 111 118 124 111 118 124 111 118 124 111 118 124 111 118 124 77 78 87 77 78 87 77 78 87 111 118 124 111 118 124 111 118 124 111 118 124 111 118 124 111 118 124 111 118 124 62 33 56
0 0 0 0 0 0 0 0 0 0 0 0 0 0 0 0 0 0 0 0 0 0 0 0 0 0 0 0 0 0 0 0 0 0 0 0 0 0 0 62 33 56 111 118 124 111 118 124 62 33 56 111 118 124 111 118 124 111 118 124 111 118 124 111 118 124 111 118 124 111 118 124 111 118 124 111 118 124 111 118 124 111 118 124 62 33 56 111 118 124 111 118 124 62 33 56
0 0 0 0 0 0 0 0 0 0 0 0 0 0 0 0 0 0 0 0 0 0 0 0 0 0 0 0 0 0 0 0 0 0 0 0 0 0 0 62 33 56 111 118 124 111 118 124 62 33 56 111 117 123 111 118 124 111 118 125 111 118 125 111 118 124 111 118 124 112 120 126 111 118 124 111 117 124 111 117 124 111 117 123 62 33 56 111 118 124 111 118 124 62 33 56
0 0 0 0 0 0 0 0 0 0 0 0 0 0 0 0 0 0 0 0 0 0 0 0 0 0 0 0 0 0 0 0 0 0 0 0 0 0 0 62 33 56 62 33 56 62 33 56 111 118 124 112 119 125 62 33 56 62 33 56 111 118 124 111 118 124 226 233 232 111 118 124 111 118 124 62 33 56 62 33 56 110 116 122 112 116 124 62 33 56 62 33 56 0 0 0
0 0 0 0 0 0 0 0 0 0 0 0 0 0 0 0 0 0 0 0 0 0 0 0 0 0 0 0 0 0 0 0 0 0 0 0 0 0 0 0 0 0 62 33 56 111 116 124 111 118 124 62 33 56 111 118 124 111 118 124 111 118 124 111 118 124 226 233 232 112 121 124 109 117 120 111 118 124 111 116 124 62 33 56 112 121 127 112 116 124 62 33 56 0 0 0
0 0 0 0 0 0 0 0 0 0 0 0 0 0 0 0 0 0 0 0 0 0 0 0 0 0 0 0 0 0 0 0 0 0 0 0 0 0 0 62 33 56 111 116 124 111 116 124 111 118 124 113 122 128 110 116 122 111 118 124 112 120 126 112 120 126 226 233 232 112 120 126 112 120 126 111 118 124 111 118 124 111 118 124 111 118 124 111 118 124 111 118 124 62 33 56
0 0 0 0 0 0 0 0 0 0 0 0 0 0 0 0 0 0 0 0 0 0 0 0 0 0 0 0 0 0 0 0 0 0 0 0 0 0 0 62 33 56 111 116 124 111 118 124 111 118 124 111 118 124 110 116 122 111 118 124 62 33 56 62 33 56 62 33 56 62 33 56 62 33 56 111 118 124 111 118 124 111 118 124 111 118 124 111 118 124 111 118 124 62 33 56
62 33 56 0 0 0 0 0 0 0 0 0 0 0 0 0 0 0 0 0 0 0 0 0 0 0 0 0 0 0 0 0 0 0 0 0 0 0 0 62 33 56 111 116 124 111 116 124 111 116 124 107 114 117 112 119 125 111 118 124 62 33 56 62 33 56 62 33 56 62 33 56 62 33 56 111 118 124 111 118 125 111 118 124 111 118 124 111 118 124 111 118 124 62 33 56
62 33 56 62 33 56 0 0 0 0 0 0 0 0 0 0 0 0 0 0 0 0 0 0 0 0 0 0 0 0 0 0 0 0 0 0 0 0 0 62 33 56 111 116 124 111 116 124 111 116 124 62 33 56 111 118 124 111 118 124 226 233 232 62 33 56 62 33 56 62 33 56 226 233 232 111 118 124 111 118 124 62 33 56 111 118 124 111 118 124 79 80 89 62 33 56
62 33 56 111 118 124 62 33 56 0 0 0 0 0 0 0 0 0 0 0 0 0 0 0 0 0 0 0 0 0 0 0 0 0 0 0 0 0 0 62 33 56 111 116 124 111 116 124 62 33 56 62 33 56 62 33 56 111 118 124 226 233 232 226 233 232 62 33 56 226 233 232 226 233 232 111 118 124 62 33 56 62 33 56 62 33 56 111 118 124 79 80 89 62 33 56
62 33 56 111 118 124 111 118 124 62 33 56 0 0 0 0 0 0 0 0 0 0 0 0 62 33 56 62 33 56 62 33 56 62 33 56 62 33 56 111 118 124 62 33 56 111 118 124 111 118 124 62 33 56 62 33 56 62 33 56 62 33 56 240 53 100 75 28 31 240 53 100 62 33 56 62 33 56 62 33 56 62 33 56 111 118 124 79 80 89 79 80 89 62 33 56
0 0 0 62 33 56 111 118 124 111 118 124 62 33 56 0 0 0 0 0 0 62 33 56 111 118 124 111 118 124 111 118 124 111 118 124 111 118 124 111 118 124 111 118 124 62 33 56 115 120 128 111 116 124 62 33 56 62 33 56 62 33 56 244 107 135 75 28 31 244 107 135 62 33 56 62 33 56 62 33 56 111 118 124 111 118 124 78 79 88 62 33 56 0 0 0
0 0 0 62 33 56 111 118 124 111 118 124 111 118 124 62 33 56 62 33 56 111 118 124 111 118 124 111 118 124 111 118 124 111 118 124 111 118 124 111 118 124 111 118 124 111 118 124 62 33 56 111 118 124 111 118 124 62 33 56 62 33 56 244 107 135 75 28 31 244 107 135 62 33 56 62 33 56 111 118 124 111 118 124 79 80 89 62 33 56 0 0 0 0 0 0
0 0 0 0 0 0 62 33 56 111 118 124 111 118 124 62 33 56 111 118 124 111 118 124 111 118 124 111 118 124 111 118 124 111 118 124 111 118 124 111 118 124 111 118 124 111 118 124 111 118 124 111 118 124 111 118 124 111 116 124 62 33 56 62 33 56 244 107 135 62 33 56 62 33 56 111 118 124 111 118 124 79 80 89 62 33 56 0 0 0 0 0 0 0 0 0
0 0 0 0 0 0 0 0 0 62 33 56 62 33 56 111 118 124 111 118 124 111 118 124 111 118 124 111 118 124 111 118 124 111 118 124 111 118 124 111 118 124 111 118 124 111 118 124 111 118 124 111 118 124 111 118 124 111 118 124 111 118 124 62 33 56 62 33 56 62 33 56 111 118 124 111 118 124 77 78 87 62 33 56 62 33 56 0 0 0 0 0 0 0 0 0
0 0 0 0 0 0 0 0 0 62 33 56 111 118 124 111 118 124 111 118 124 111 118 124 111 118 124 111 118 124 111 118 124 111 118 124 111 118 124 111 118 124 111 118 124 111 118 124 111 118 124 111 118 124 111 118 124 111 118 124 111 118 124 111 118 124 111 118 124 111 118 124 111 118 124 77 78 87 77 78 87 77 78 87 62 33 56 0 0 0 0 0 0 0 0 0
0 0 0 0 0 0 0 0 0 62 33 56 111 118 124 111 118 124 111 118 124 111 117 123 111 118 124 111 118 124 111 118 124 111 118 124 111 118 124 111 118 124 111 118 124 111 118 124 111 118 124 111 118 124 111 118 124 111 118 124 111 118 124 111 118 124 111 118 124 109 115 119 231 237 231 231 237 231 198 200 202 198 200 202 62 33 56 0 0 0 0 0 0 0 0 0
0 0 0 0 0 0 0 0 0 62 33 56 111 118 124 111 118 124 111 118 124 111 118 124 111 118 124 111 118 124 111 118 124 111 118 124 111 118 124 111 118 124 111 118 124 111 118 124 111 118 124 111 118 124 111 118 124 111 118 124 111 118 124 111 118 124 111 118 124 231 237 231 231 237 231 231 237 231 198 200 202 62 33 56 0 0 0 0 0 0 0 0 0 0 0 0
0 0 0 0 0 0 62 33 56 111 118 124 111 118 124 111 118 124 111 118 124 111 118 124 111 118 124 111 118 124 111 118 124 111 118 124 111 118 124 111 118 124 111 118 124 111 118 124 62 33 56 111 118 124 111 118 124 111 118 124 111 118 124 111 118 124 231 237 231 231 237 231 231 237 231 198 200 202 198 200 202 62 33 56 0 0 0 0 0 0 0 0 0 0 0 0
0 0 0 0 0 0 62 33 56 111 118 124 111 118 124 111 118 124 111 118 124 111 118 124 111 118 124 77 78 87 62 33 56 229 234 228 229 234 228 229 234 228 229 234 228 62 33 56 111 118 124 111 118 124 111 118 124 111 118 124 111 118 124 229 234 228 229 234 228 231 237 231 231 237 231 198 200 202 62 33 56 0 0 0 0 0 0 0 0 0 0 0 0 0 0 0
0 0 0 0 0 0 62 33 56 111 118 124 111 118 124 111 118 124 111 118 124 111 118 124 77 78 87 77 78 87 62 33 56 62 33 56 197 198 200 197 198 200 193 195 197 62 33 56 111 118 124 111 118 124 111 118 124 77 78 87 62 33 56 229 234 228 229 234 228 198 200 202 198 200 202 62 33 56 62 33 56 0 0 0 0 0 0 0 0 0 0 0 0 0 0 0
0 0 0 0 0 0 62 33 56 111 118 124 111 118 124 111 118 124 77 78 87 77 78 87 62 33 56 62 33 56 77 78 87 77 78 87 62 33 56 62 33 56 62 33 56 62 33 56 111 118 124 111 118 124 111 118 124 77 78 87 62 33 56 198 200 202 198 200 202 62 33 56 62 33 56 77 78 87 62 33 56 0 0 0 0 0 0 0 0 0 0 0 0 0 0 0
0 0 0 0 0 0 62 33 56 111 118 124 111 118 124 77 78 87 77 78 87 62 33 56 77 78 87 77 78 87 77 78 87 77 78 87 62 33 56 0 0 0 0 0 0 62 33 56 111 118 124 111 118 124 111 118 124 77 78 87 62 33 56 62 33 56 62 33 56 77 78 87 77 78 87 77 78 87 62 33 56 0 0 0 0 0 0 0 0 0 0 0 0 0 0 0
0 0 0 62 33 56 111 118 124 111 118 124 111 118 124 77 78 87 62 33 56 0 0 0 62 33 56 77 78 87 77 78 87 77 78 87 62 33 56 0 0 0 0 0 0 0 0 0 62 33 56 111 118 124 111 118 124 77 78 87 62 33 56 0 0 0 62 33 56 77 78 87 77 78 87 77 78 87 62 33 56 0 0 0 0 0 0 0 0 0 0 0 0 0 0 0
0 0 0 62 33 56 111 118 124 111 118 124 77 78 87 62 33 56 0 0 0 0 0 0 62 33 56 77 78 87 77 78 87 77 78 87 62 33 56 0 0 0 0 0 0 0 0 0 62 33 56 111 118 124 111 118 124 62 33 56 62 33 56 0 0 0 62 33 56 77 78 87 77 78 87 77 78 87 62 33 56 0 0 0 0 0 0 0 0 0 0 0 0 0 0 0
0 0 0 62 33 56 111 118 124 111 118 124 229 234 228 229 234 228 62 33 56 0 0 0 0 0 0 62 33 56 77 78 87 197 198 200 197 198 200 62 33 56 62 33 56 0 0 0 62 33 56 111 118 124 229 234 228 229 234 228 229 234 228 62 33 56 0 0 0 62 33 56 197 198 200 197 198 200 197 198 200 62 33 56 0 0 0 0 0 0 0 0 0 0 0 0
0 0 0 62 33 56 111 118 124 229 234 228 229 234 228 229 234 228 62 33 56 0 0 0 0 0 0 62 33 56 77 78 87 194 193 199 194 193 199 194 193 199 62 33 56 0 0 0 0 0 0 62 33 56 229 234 228 229 234 228 229 234 228 62 33 56 0 0 0 62 33 56 197 198 200 197 198 200 197 198 200 62 33 56 0 0 0 0 0 0 0 0 0 0 0 0
0 0 0 0 0 0 62 33 56 62 33 56 62 33 56 62 33 56 62 33 56 0 0 0 0 0 0 0 0 0 62 33 56 62 33 56 62 33 56 62 33 56 62 33 56 0 0 0 0 0 0 62 33 56 62 33 56 62 33 56 62 33 56 62 33 56 0 0 0 62 33 56 62 33 56 62 33 56 62 33 56 62 33 56 0 0 0 0 0 0 0 0 0 0 0 0
