0 0 0 0 0 0 62 33 56 62 33 56 62 33 56 0 0 0 0 0 0 0 0 0 0 0 0 0 0 0 0 0 0 0 0 0 0 0 0 0 0 0 0 0 0 0 0 0 0 0 0 0 0 0 0 0 0 0 0 0 0 0 0 0 0 0 0 0 0 0 0 0
0 0 0 62 33 56 230 145 22 230 145 22 230 145 22 62 33 56 0 0 0 0 0 0 0 0 0 0 0 0 0 0 0 0 0 0 0 0 0 0 0 0 0 0 0 0 0 0 0 0 0 0 0 0 0 0 0 0 0 0 0 0 0 0 0 0 0 0 0 0 0 0
0 0 0 62 33 56 230 145 22 241 163 191 230 145 22 62 33 56 0 0 0 0 0 0 0 0 0 0 0 0 0 0 0 0 0 0 0 0 0 0 0 0 0 0 0 0 0 0 0 0 0 0 0 0 0 0 0 0 0 0 0 0 0 0 0 0 0 0 0 0 0 0
62 33 56 230 145 22 241 163 191 241 163 191 241 163 191 230 145 22 62 33 56 0 0 0 0 0 0 0 0 0 0 0 0 0 0 0 0 0 0 0 0 0 0 0 0 0 0 0 0 0 0 0 0 0 0 0 0 0 0 0 0 0 0 0 0 0 0 0 0 0 0 0
62 33 56 230 145 22 241 163 191 241 163 191 241 163 191 230 145 22 62 33 56 0 0 0 0 0 0 0 0 0 0 0 0 0 0 0 0 0 0 0 0 0 0 0 0 0 0 0 0 0 0 0 0 0 0 0 0 0 0 0 62 33 56 62 33 56 62 33 56 0 0 0
62 33 56 230 145 22 241 163 191 241 163 191 241 163 191 241 163 191 230 145 22 62 33 56 0 0 0 0 0 0 0 0 0 0 0 0 0 0 0 0 0 0 0 0 0 0 0 0 0 0 0 0 0 0 62 33 56 62 33 56 233 143 22 233 143 22 62 33 56 0 0 0
62 33 56 230 145 22 241 163 191 241 163 191 241 163 191 241 163 191 230 145 22 62 33 56 0 0 0 0 0 0 0 0 0 0 0 0 0 0 0 0 0 0 0 0 0 0 0 0 0 0 0 62 33 56 233 143 22 233 143 22 238 165 191 233 143 22 233 143 22 62 33 56
62 33 56 230 145 22 241 163 191 241 163 191 239 161 191 241 163 191 229 147 22 217 139 29 62 33 56 0 0 0 0 0 0 0 0 0 0 0 0 0 0 0 0 0 0 0 0 0 62 33 56 233 143 22 233 143 22 238 165 191 238 165 191 238 165 191 233 143 22 62 33 56
62 33 56 230 145 22 241 163 191 241 163 191 241 163 191 230 145 22 227 147 22 234 140 21 62 33 56 62 33 56 62 33 56 62 33 56 62 33 56 62 33 56 0 0 0 62 33 56 233 143 22 233 143 22 238 165 191 238 165 191 238 165 191 238 165 191 233 143 22 62 33 56
62 33 56 230 145 22 230 145 22 239 162 194 230 145 22 230 145 22 234 140 21 241 241 239 241 241 239 241 241 239 241 241 239 241 241 239 241 241 239 233 143 22 62 33 56 233 143 22 233 143 22 238 165 191 238 165 191 240 165 191 238 165 191 238 165 191 62 33 56 0 0 0
0 0 0 62 33 56 230 145 22 230 145 22 230 145 22 242 143 23 230 145 22 239 143 23 241 241 239 241 241 239 241 241 239 241 241 239 233 143 22 233 143 22 233 143 22 233 143 22 238 165 191 238 165 191 238 165 191 238 167 183 238 165 191 238 165 191 62 33 56 0 0 0
0 0 0 62 33 56 230 145 22 234 148 22 247 141 23 233 145 22 233 145 22 229 147 22 241 241 239 241 241 239 241 241 239 241 241 239 233 143 22 233 143 22 233 143 22 233 143 22 233 143 22 238 165 191 238 165 191 238 165 191 238 165 191 233 143 22 62 33 56 0 0 0
0 0 0 62 33 56 230 145 22 238 140 22 226 148 22 233 145 22 233 145 22 227 147 22 241 241 239 241 241 239 241 241 239 233 143 22 233 143 22 233 143 22 233 143 22 233 143 22 233 143 22 233 143 22 238 165 191 238 165 191 233 143 22 62 33 56 0 0 0 0 0 0
0 0 0 62 33 56 230 145 22 234 143 22 231 145 22 62 33 56 255 255 255 242 134 22 237 235 247 241 239 241 241 241 239 233 143 22 233 143 22 233 143 22 233 143 22 233 143 22 233 143 22 233 143 22 238 165 191 233 143 22 62 33 56 0 0 0 0 0 0 0 0 0
0 0 0 62 33 56 230 145 22 235 142 22 228 145 22 62 33 56 62 33 56 212 147 22 233 246 239 241 239 241 237 241 227 233 143 22 62 33 56 255 255 255 233 143 22 233 143 22 233 143 22 233 143 22 233 143 22 62 33 56 0 0 0 0 0 0 0 0 0 0 0 0
0 0 0 62 33 56 255 255 255 235 142 22 243 140 23 236 144 22 240 141 23 233 246 239 233 246 239 233 246 239 245 243 215 233 143 22 62 33 56 62 33 56 233 143 22 233 143 22 233 143 22 233 143 22 233 143 22 62 33 56 0 0 0 0 0 0 0 0 0 0 0 0
0 0 0 62 33 56 255 255 255 228 142 21 234 149 22 255 255 255 62 33 56 62 33 56 62 33 56 62 33 56 62 33 56 233 246 239 233 143 22 233 143 22 233 143 22 233 143 22 233 143 22 233 143 22 62 33 56 62 33 56 0 0 0 0 0 0 0 0 0 0 0 0
0 0 0 62 33 56 255 255 255 255 255 255 255 255 255 255 255 255 255 255 255 62 33 56 62 33 56 62 33 56 255 255 255 255 255 255 255 255 255 233 143 22 233 143 22 233 143 22 233 143 22 233 143 22 62 33 56 0 0 0 0 0 0 0 0 0 0 0 0 0 0 0
0 0 0 62 33 56 255 255 255 255 255 255 255 255 255 62 33 56 255 255 255 255 255 255 62 33 56 255 255 255 255 255 255 62 33 56 255 255 255 255 255 255 233 143 22 233 143 22 233 143 22 62 33 56 62 33 56 0 0 0 0 0 0 0 0 0 0 0 0 0 0 0
0 0 0 62 33 56 255 255 255 255 255 255 255 255 255 255 255 255 62 33 56 62 33 56 62 33 56 62 33 56 62 33 56 255 255 255 255 255 255 255 255 255 255 255 255 233 143 22 255 255 255 62 33 56 0 0 0 0 0 0 0 0 0 0 0 0 0 0 0 0 0 0
0 0 0 62 33 56 255 255 255 255 255 255 255 255 255 255 255 255 255 255 255 229 74 106 229 74 106 229 74 106 255 255 255 255 255 255 255 255 255 255 255 255 255 255 255 255 255 255 255 255 255 62 33 56 0 0 0 0 0 0 0 0 0 0 0 0 0 0 0 0 0 0
0 0 0 62 33 56 62 33 56 255 255 255 255 255 255 255 255 255 255 255 255 62 33 56 62 33 56 62 33 56 255 255 255 255 255 255 255 255 255 255 255 255 255 255 255 255 255 255 62 33 56 62 33 56 0 0 0 0 0 0 0 0 0 0 0 0 0 0 0 0 0 0
0 0 0 62 33 56 255 255 255 62 33 56 255 255 255 255 255 255 255 255 255 255 255 255 255 255 255 255 255 255 255 255 255 255 255 255 255 255 255 255 255 255 255 255 255 255 255 255 255 255 255 62 33 56 62 33 56 0 0 0 0 0 0 0 0 0 0 0 0 0 0 0
0 0 0 62 33 56 255 255 255 255 255 255 255 255 255 255 255 255 255 255 255 62 33 56 62 33 56 62 33 56 255 255 255 255 255 255 255 255 255 255 255 255 255 255 255 255 255 255 62 33 56 233 143 22 233 143 22 62 33 56 0 0 0 0 0 0 0 0 0 0 0 0
0 0 0 62 33 56 255 255 255 255 255 255 255 255 255 255 255 255 255 255 255 255 255 255 255 255 255 255 255 255 255 255 255 255 255 255 255 255 255 255 255 255 255 255 255 62 33 56 233 143 22 233 143 22 233 143 22 233 143 22 62 33 56 0 0 0 0 0 0 0 0 0
0 0 0 62 33 56 255 255 255 255 255 255 255 255 255 255 255 255 255 255 255 255 255 255 255 255 255 255 255 255 255 255 255 255 255 255 255 255 255 255 255 255 62 33 56 233 143 22 233 143 22 233 143 22 231 142 21 233 143 22 62 33 56 0 0 0 0 0 0 0 0 0
0 0 0 0 0 0 62 33 56 255 255 255 255 255 255 255 255 255 255 255 255 255 255 255 255 255 255 255 255 255 255 255 255 255 255 255 255 255 255 62 33 56 233 143 22 233 143 22 233 143 22 233 143 22 233 143 22 233 143 22 233 143 22 62 33 56 0 0 0 0 0 0
0 0 0 0 0 0 62 33 56 62 33 56 255 255 255 255 255 255 255 255 255 255 255 255 255 255 255 255 255 255 255 255 255 255 255 255 62 33 56 233 145 22 233 143 22 233 143 22 233 143 22 233 143 22 233 143 22 228 145 22 233 143 22 62 33 56 0 0 0 0 0 0
0 0 0 0 0 0 62 33 56 255 255 255 255 255 255 255 255 255 255 255 255 255 255 255 255 255 255 255 255 255 255 255 255 62 33 56 230 147 22 233 145 22 233 143 22 226 148 22 233 143 22 233 143 22 233 143 22 233 143 22 233 143 22 233 143 22 62 33 56 0 0 0
0 0 0 0 0 0 62 33 56 255 255 255 62 33 56 255 255 255 255 255 255 255 255 255 255 255 255 62 33 56 62 33 56 233 143 22 229 143 22 233 143 22 229 140 22 62 33 56 233 145 22 233 145 22 233 145 22 233 143 22 233 145 22 233 143 22 62 33 56 0 0 0
0 0 0 0 0 0 62 33 56 62 33 56 244 236 236 62 33 56 255 255 255 255 255 255 255 255 255 255 255 255 62 33 56 255 255 255 255 255 255 228 142 21 233 143 22 62 33 56 243 141 23 233 143 22 62 33 56 233 143 22 233 143 22 233 143 22 62 33 56 0 0 0
0 0 0 0 0 0 0 0 0 62 33 56 243 240 229 62 33 56 255 255 255 255 255 255 255 255 255 255 255 255 62 33 56 255 255 255 255 255 255 255 255 255 255 255 255 62 33 56 246 140 24 233 143 22 62 33 56 233 143 22 233 143 22 233 143 22 62 33 56 0 0 0
0 0 0 0 0 0 0 0 0 62 33 56 239 236 248 243 234 242 62 33 56 255 255 255 255 255 255 255 255 255 62 33 56 255 255 255 255 255 255 255 255 255 62 33 56 62 33 56 255 255 255 255 255 255 62 33 56 255 255 255 255 255 255 62 33 56 62 33 56 0 0 0
0 0 0 0 0 0 0 0 0 62 33 56 62 33 56 62 33 56 62 33 56 62 33 56 62 33 56 62 33 56 62 33 56 62 33 56 62 33 56 62 33 56 62 33 56 62 33 56 62 33 56 62 33 56 62 33 56 62 33 56 62 33 56 62 33 56 0 0 0 0 0 0
