0 0 0 0 0 0 0 0 0 0 0 0 0 0 0 0 0 0 0 0 0 0 0 0 0 0 0 0 0 0 0 0 0 0 0 0 0 0 0 0 0 0 0 0 0 0 0 0 0 0 0 0 0 0 0 0 0 0 0 0 2 2 2 2 2 2 2 2 2 0 0 0 0 0 0 0 0 0 0 0 0 0 0 0 0 0 0 0 0 0 0 0 0 0 0 0 0 0 0 0 0 0 0 0 0 0 0 0 0 0 0 0 0 0 0 0 0 0 0 0 0 0 0 0 0 0 0 0 0 0 0 0 0 0 0 0 0 0 0 0 0 0 0 0 0 0 0 0 0 0
0 0 0 0 0 0 0 0 0 0 0 0 0 0 0 0 0 0 0 0 0 0 0 0 0 0 0 0 0 0 0 0 0 0 0 0 0 0 0 0 0 0 0 0 0 0 0 0 0 0 0 0 0 0 0 0 0 2 2 2 253 249 208 254 250 209 254 250 209 2 2 2 0 0 0 0 0 0 0 0 0 0 0 0 0 0 0 0 0 0 0 0 0 0 0 0 0 0 0 0 0 0 0 0 0 0 0 0 0 0 0 0 0 0 0 0 0 0 0 0 0 0 0 0 0 0 0 0 0 0 0 0 0 0 0 0 0 0 0 0 0 0 0 0 0 0 0 0 0 0
0 0 0 0 0 0 0 0 0 0 0 0 0 0 0 0 0 0 0 0 0 0 0 0 0 0 0 0 0 0 0 0 0 0 0 0 0 0 0 0 0 0 0 0 0 0 0 0 0 0 0 0 0 0 2 2 2 255 251 210 255 251 210 255 251 210 255 251 210 254 250 209 2 2 2 0 0 0 0 0 0 0 0 0 0 0 0 0 0 0 0 0 0 0 0 0 0 0 0 0 0 0 0 0 0 0 0 0 0 0 0 0 0 0 0 0 0 0 0 0 0 0 0 0 0 0 0 0 0 0 0 0 0 0 0 0 0 0 0 0 0 0 0 0 0 0 0 0 0 0
0 0 0 0 0 0 0 0 0 0 0 0 0 0 0 0 0 0 0 0 0 0 0 0 0 0 0 0 0 0 0 0 0 0 0 0 0 0 0 0 0 0 0 0 0 0 0 0 0 0 0 0 0 0 2 2 2 255 251 210 255 251 210 255 251 210 255 251 210 255 251 210 255 251 210 2 2 2 0 0 0 0 0 0 0 0 0 0 0 0 0 0 0 0 0 0 0 0 0 0 0 0 0 0 0 0 0 0 0 0 0 0 0 0 0 0 0 0 0 0 0 0 0 0 0 0 0 0 0 0 0 0 0 0 0 0 0 0 0 0 0 0 0 0 0 0 0 0 0 0
0 0 0 0 0 0 0 0 0 0 0 0 0 0 0 0 0 0 0 0 0 0 0 0 0 0 0 0 0 0 0 0 0 0 0 0 0 0 0 0 0 0 0 0 0 0 0 0 0 0 0 2 2 2 254 250 209 255 251 210 252 8 89 252 7 89 255 251 210 255 251 210 255 251 210 254 250 209 2 2 2 0 0 0 0 0 0 0 0 0 0 0 0 0 0 0 0 0 0 0 0 0 0 0 0 0 0 0 0 0 0 0 0 0 0 0 0 0 0 0 0 0 0 0 0 0 0 0 0 0 0 0 0 0 0 0 0 0 0 0 0 0 0 0 0 0 0 0 0 0
0 0 0 0 0 0 0 0 0 0 0 0 0 0 0 0 0 0 0 0 0 0 0 0 0 0 0 0 0 0 0 0 0 0 0 0 0 0 0 0 0 0 0 0 0 0 0 0 0 0 0 2 2 2 255 251 210 252 7 89 252 6 88 252 6 88 252 7 89 255 251 210 255 251 210 255 251 210 2 2 2 2 2 2 0 0 0 0 0 0 0 0 0 0 0 0 0 0 0 0 0 0 0 0 0 0 0 0 0 0 0 0 0 0 0 0 0 0 0 0 0 0 0 0 0 0 0 0 0 0 0 0 0 0 0 0 0 0 0 0 0 0 0 0 0 0 0 0 0 0
0 0 0 0 0 0 0 0 0 0 0 0 0 0 0 0 0 0 0 0 0 0 0 0 0 0 0 0 0 0 0 0 0 0 0 0 0 0 0 0 0 0 0 0 0 0 0 0 2 2 2 254 250 209 255 251 210 252 6 88 252 6 88 252 6 88 252 6 88 252 7 89 255 251 210 255 251 210 255 251 210 254 250 209 2 2 2 0 0 0 0 0 0 0 0 0 0 0 0 0 0 0 0 0 0 0 0 0 0 0 0 0 0 0 0 0 0 0 0 0 0 0 0 0 0 0 0 0 0 0 0 0 0 0 0 0 0 0 0 0 0 0 0 0 0 0 0 0 0 0
0 0 0 0 0 0 0 0 0 0 0 0 0 0 0 0 0 0 0 0 0 0 0 0 0 0 0 0 0 0 0 0 0 0 0 0 0 0 0 0 0 0 0 0 0 0 0 0 2 2 2 255 251 210 255 251 210 252 6 88 252 6 88 252 6 88 252 6 88 252 6 88 255 251 210 255 251 210 255 251 210 255 251 210 2 2 2 2 2 2 0 0 0 0 0 0 0 0 0 0 0 0 0 0 0 0 0 0 0 0 0 0 0 0 0 0 0 0 0 0 0 0 0 0 0 0 0 0 0 0 0 0 0 0 0 0 0 0 0 0 0 0 0 0 0 0 0 0 0 0
0 0 0 0 0 0 0 0 0 0 0 0 0 0 0 0 0 0 0 0 0 0 0 0 0 0 0 0 0 0 0 0 0 0 0 0 0 0 0 0 0 0 0 0 0 0 0 0 2 2 2 255 251 210 255 251 210 255 250 209 255 249 209 255 250 209 255 250 209 255 249 209 255 251 210 255 251 210 255 251 210 255 251 210 253 249 208 254 250 209 2 2 2 0 0 0 0 0 0 0 0 0 0 0 0 0 0 0 0 0 0 0 0 0 0 0 0 0 0 0 0 0 0 0 0 0 0 0 0 0 0 0 0 0 0 0 0 0 0 0 0 0 0 0 0 0 0 0 0 0
0 0 0 0 0 0 0 0 0 0 0 0 0 0 0 0 0 0 0 0 0 0 0 0 0 0 0 0 0 0 0 0 0 0 0 0 0 0 0 0 0 0 0 0 0 0 0 0 2 2 2 255 251 210 255 251 210 255 251 210 255 251 210 255 251 210 255 251 210 255 251 210 255 251 210 255 251 210 255 251 210 255 251 210 255 251 210 255 251 210 255 251 210 3 3 3 2 2 2 2 2 2 2 2 2 0 0 0 0 0 0 0 0 0 0 0 0 0 0 0 0 0 0 0 0 0 0 0 0 0 0 0 0 0 0 0 0 0 0 0 0 0 0 0 0 0 0 0 0 0
0 0 0 0 0 0 0 0 0 0 0 0 0 0 0 0 0 0 0 0 0 0 0 0 0 0 0 0 0 0 0 0 0 0 0 0 0 0 0 0 0 0 0 0 0 0 0 0 2 2 2 255 251 210 255 251 210 255 251 210 255 251 210 255 251 210 255 251 210 255 251 210 255 251 210 255 251 210 255 251 210 255 251 210 255 251 210 255 251 210 255 251 210 255 251 210 2 2 2 255 251 210 255 251 210 2 2 2 0 0 0 2 2 2 2 2 2 0 0 0 0 0 0 0 0 0 0 0 0 0 0 0 0 0 0 0 0 0 0 0 0 0 0 0 0 0 0 0 0 0
0 0 0 0 0 0 0 0 0 0 0 0 0 0 0 0 0 0 0 0 0 0 0 0 0 0 0 0 0 0 0 0 0 0 0 0 0 0 0 0 0 0 0 0 0 0 0 0 2 2 2 255 251 210 255 251 210 255 251 210 255 251 210 255 251 210 255 251 210 255 251 210 255 251 210 255 251 210 255 251 210 255 251 210 255 251 210 255 251 210 255 251 210 255 251 210 253 249 208 255 251 210 255 251 210 253 249 208 2 2 2 252 248 208 253 249 208 2 2 2 0 0 0 0 0 0 0 0 0 0 0 0 0 0 0 0 0 0 0 0 0 0 0 0 0 0 0 0 0 0
0 0 0 0 0 0 0 0 0 0 0 0 0 0 0 0 0 0 0 0 0 0 0 0 0 0 0 0 0 0 0 0 0 0 0 0 0 0 0 0 0 0 0 0 0 2 2 2 255 251 210 255 251 210 255 251 210 255 251 210 255 251 210 255 251 210 255 251 210 255 251 210 255 251 210 255 251 210 255 251 210 255 251 210 255 251 210 255 251 210 255 251 210 255 251 210 255 251 210 255 251 210 255 251 210 255 251 210 2 2 2 255 251 210 255 251 210 2 2 2 0 0 0 0 0 0 0 0 0 0 0 0 0 0 0 0 0 0 0 0 0 0 0 0 0 0 0 0 0 0
0 0 0 0 0 0 0 0 0 0 0 0 0 0 0 0 0 0 0 0 0 0 0 0 0 0 0 0 0 0 0 0 0 0 0 0 0 0 0 0 0 0 2 2 2 255 251 210 255 251 210 255 251 210 255 251 210 255 251 210 255 251 210 255 251 210 255 251 210 255 251 210 255 251 210 255 251 210 255 251 210 255 251 210 255 251 210 255 251 210 255 251 210 255 251 210 255 251 210 255 251 210 255 251 210 255 251 210 255 251 210 255 251 210 255 251 210 2 2 2 2 2 2 0 0 0 0 0 0 0 0 0 0 0 0 0 0 0 0 0 0 0 0 0 0 0 0 0 0 0
0 0 0 2 2 2 2 2 2 0 0 0 0 0 0 0 0 0 0 0 0 0 0 0 0 0 0 0 0 0 0 0 0 0 0 0 0 0 0 2 2 2 253 249 208 255 251 210 255 251 210 255 251 210 255 251 210 255 251 210 255 251 210 255 251 210 255 251 210 255 251 210 255 251 210 255 251 210 255 251 210 255 251 210 255 251 210 255 251 210 255 251 210 255 251 210 255 251 210 255 251 210 255 251 210 255 251 210 255 251 210 255 251 210 255 251 210 2 2 2 254 250 209 2 2 2 2 2 2 2 2 2 2 2 2 2 2 2 2 2 2 0 0 0 0 0 0 0 0 0
2 2 2 254 250 209 255 251 210 2 2 2 0 0 0 0 0 0 0 0 0 0 0 0 0 0 0 0 0 0 0 0 0 0 0 0 0 0 0 2 2 2 255 251 210 255 251 210 255 251 210 255 251 210 255 251 210 255 251 210 255 251 210 255 251 210 255 251 210 255 251 210 255 251 210 255 251 210 255 251 210 255 251 210 255 251 210 255 251 210 255 251 210 255 251 210 255 251 210 255 251 210 255 251 210 255 251 210 255 251 210 255 251 210 255 251 210 254 250 209 255 251 210 255 251 210 255 251 210 255 251 210 255 251 210 255 251 210 254 250 209 2 2 2 2 2 2 0 0 0
2 2 2 255 251 210 255 251 210 255 251 210 2 2 2 0 0 0 0 0 0 0 0 0 0 0 0 0 0 0 0 0 0 0 0 0 0 0 0 2 2 2 255 251 210 255 251 210 255 251 210 255 251 210 255 251 210 255 251 210 255 251 210 255 251 210 255 251 210 255 251 210 255 251 210 255 251 210 255 251 210 255 251 210 255 251 210 255 251 210 255 251 210 255 251 210 255 251 210 255 251 210 255 251 210 255 251 210 255 251 210 255 251 210 255 251 210 255 251 210 255 251 210 255 251 210 255 251 210 255 251 210 255 251 210 255 251 210 255 251 210 255 251 210 255 251 210 2 2 2
2 2 2 255 251 210 255 251 210 255 251 210 253 249 208 2 2 2 0 0 0 0 0 0 0 0 0 0 0 0 0 0 0 0 0 0 2 2 2 254 250 209 255 251 210 255 251 210 255 251 210 255 251 210 255 251 210 255 251 210 255 251 210 255 251 210 255 251 210 255 251 210 255 251 210 255 251 210 255 251 210 255 251 210 255 251 210 255 251 210 255 251 210 255 251 210 255 251 210 255 251 210 255 251 210 255 251 210 255 251 210 255 251 210 255 251 210 255 251 210 255 251 210 255 251 210 255 251 210 255 251 210 255 251 210 252 7 89 252 8 89 255 251 210 255 251 210 2 2 2
2 2 2 255 251 210 255 251 210 255 251 210 255 251 210 2 2 2 0 0 0 0 0 0 0 0 0 0 0 0 0 0 0 0 0 0 2 2 2 255 251 210 255 251 210 255 251 210 255 251 210 255 251 210 255 251 210 255 251 210 255 251 210 255 251 210 255 251 210 255 251 210 255 251 210 255 251 210 255 251 210 255 251 210 255 251 210 255 251 210 255 251 210 255 251 210 255 251 210 255 251 210 255 251 210 255 251 210 255 251 210 255 251 210 255 251 210 255 251 210 255 251 210 255 251 210 255 251 210 252 7 89 252 7 89 252 6 88 252 6 88 255 251 210 255 251 210 2 2 2
2 2 2 255 251 210 255 251 210 255 251 210 255 251 210 3 3 3 0 0 0 0 0 0 0 0 0 0 0 0 0 0 0 0 0 0 2 2 2 255 251 210 255 251 210 255 251 210 255 251 210 255 251 210 255 251 210 5 4 5 5 4 5 5 4 5 255 251 210 255 251 210 255 251 210 255 251 210 255 251 210 255 251 210 255 251 210 255 251 210 255 251 210 255 251 210 255 251 210 255 251 210 255 251 210 255 251 210 255 251 210 255 251 210 255 251 210 255 251 210 255 251 210 255 251 210 255 251 210 252 6 88 252 6 88 252 6 88 252 6 88 255 251 210 255 251 210 2 2 2
2 2 2 255 251 210 255 251 210 255 251 210 255 251 210 2 2 2 0 0 0 0 0 0 0 0 0 0 0 0 0 0 0 0 0 0 2 2 2 255 251 210 255 251 210 255 251 210 255 251 210 255 251 210 7 6 7 43 175 247 42 174 246 5 4 5 7 6 7 255 251 210 255 251 210 255 251 210 255 251 210 255 251 210 255 251 210 255 251 210 255 251 210 255 251 210 255 251 210 255 251 210 255 251 210 255 251 210 255 251 210 255 251 210 255 251 210 255 251 210 255 251 210 255 251 210 255 251 210 252 6 88 252 6 88 252 6 88 252 6 88 255 251 210 4 4 4 0 0 0
2 2 2 255 251 210 255 251 210 255 251 210 255 251 210 2 2 2 0 0 0 0 0 0 0 0 0 0 0 0 0 0 0 0 0 0 2 2 2 255 251 210 255 251 210 255 251 210 255 251 210 6 5 6 43 176 249 5 4 5 5 5 6 252 245 248 252 245 248 6 5 6 255 251 210 255 251 210 255 251 210 255 251 210 255 251 210 255 251 210 255 251 210 255 251 210 255 251 210 255 251 210 255 251 210 255 251 210 255 251 210 255 251 210 255 251 210 255 251 210 255 251 210 255 251 210 255 251 210 252 6 88 252 6 88 252 6 88 255 250 209 255 251 210 2 2 2 0 0 0
0 0 0 2 2 2 254 250 209 255 251 210 255 251 210 3 3 3 0 0 0 0 0 0 0 0 0 0 0 0 0 0 0 0 0 0 2 2 2 255 251 210 255 251 210 255 251 210 255 251 210 5 4 5 5 4 5 5 4 5 5 4 5 252 245 248 252 245 248 5 4 5 254 250 209 255 251 210 255 251 210 255 251 210 255 251 210 255 251 210 255 251 210 255 251 210 255 251 210 255 251 210 255 251 210 255 251 210 255 251 210 255 251 210 255 251 210 255 251 210 255 251 210 255 251 210 255 251 210 252 6 88 252 6 88 255 251 210 255 251 210 2 2 2 0 0 0 0 0 0
0 0 0 2 2 2 255 251 210 255 251 210 255 251 210 254 250 209 2 2 2 0 0 0 0 0 0 0 0 0 0 0 0 0 0 0 2 2 2 255 251 210 255 251 210 255 251 210 255 251 210 5 4 5 5 4 5 42 175 248 5 4 5 6 5 6 6 5 6 5 4 5 255 251 210 255 251 210 255 251 210 255 251 210 255 251 210 255 251 210 255 251 210 255 251 210 255 251 210 255 251 210 255 251 210 255 251 210 255 251 210 255 251 210 255 251 210 255 251 210 255 251 210 255 251 210 255 251 210 255 250 209 255 250 209 255 251 210 255 251 210 2 2 2 0 0 0 0 0 0
0 0 0 0 0 0 2 2 2 255 251 210 255 251 210 255 251 210 2 2 2 0 0 0 0 0 0 2 2 2 2 2 2 2 2 2 2 2 2 255 251 210 255 251 210 255 251 210 252 104 161 5 4 5 5 4 5 5 4 5 43 175 248 5 4 5 5 4 5 254 250 209 255 251 210 255 251 210 255 251 210 255 251 210 255 251 210 255 251 210 255 251 210 255 251 210 255 251 210 1 1 1 0 0 0 0 0 0 255 251 210 255 251 210 255 251 210 255 251 210 255 251 210 255 251 210 255 251 210 255 251 210 255 251 210 255 251 210 3 3 3 0 0 0 0 0 0 0 0 0
0 0 0 0 0 0 2 2 2 255 251 210 255 251 210 255 251 210 2 2 2 0 0 0 2 2 2 255 251 210 255 251 210 254 250 209 255 251 210 10 8 9 255 251 210 252 105 161 252 41 126 251 41 126 5 4 5 5 4 5 5 5 6 5 4 5 255 251 210 255 251 210 255 251 210 255 251 210 252 41 126 255 251 210 255 251 210 255 251 210 255 251 210 255 251 210 0 0 0 251 244 247 252 245 248 0 0 0 1 1 1 255 251 210 255 251 210 255 251 210 255 251 210 255 251 210 255 251 210 255 251 210 255 251 210 2 2 2 0 0 0 0 0 0 0 0 0 0 0 0
0 0 0 0 0 0 2 2 2 255 251 210 255 251 210 255 251 210 2 2 2 2 2 2 254 250 209 255 251 210 255 251 210 255 251 210 255 251 210 10 8 9 255 251 210 252 104 161 252 41 126 252 41 126 252 104 160 255 251 210 255 251 210 255 251 210 255 251 210 255 251 210 6 5 6 255 251 210 255 251 210 255 251 210 255 251 210 255 251 210 255 251 210 1 1 1 0 0 0 252 245 248 252 245 248 0 0 0 43 176 249 0 0 0 255 251 210 255 251 210 255 251 210 255 251 210 255 251 210 255 251 210 2 2 2 0 0 0 0 0 0 0 0 0 0 0 0 0 0 0
0 0 0 0 0 0 2 2 2 255 251 210 255 251 210 255 251 210 254 250 209 253 249 208 255 251 210 255 251 210 255 251 210 255 251 210 255 251 210 254 250 209 12 10 11 255 250 209 252 104 160 252 103 161 255 250 210 255 251 210 255 251 210 255 251 210 255 251 210 255 251 210 254 250 209 6 5 6 6 5 6 255 251 210 255 251 210 255 251 210 255 251 210 0 0 0 42 175 248 2 2 2 1 1 1 0 0 0 43 176 249 0 0 0 255 251 210 255 251 210 255 251 210 255 251 210 255 251 210 255 251 210 2 2 2 0 0 0 0 0 0 0 0 0 0 0 0 0 0 0
0 0 0 0 0 0 0 0 0 2 2 2 255 251 210 255 251 210 255 251 210 255 251 210 255 251 210 255 251 210 255 251 210 255 251 210 255 251 210 255 251 210 255 251 210 255 251 210 255 251 210 255 251 210 255 251 210 255 251 210 255 251 210 255 251 210 255 251 210 255 251 210 255 251 210 255 251 210 255 251 210 255 251 210 255 251 210 255 251 210 255 251 210 0 0 0 0 0 0 43 176 249 0 0 0 0 0 0 43 176 249 0 0 0 255 251 210 255 251 210 255 251 210 255 251 210 255 251 210 255 251 210 2 2 2 0 0 0 0 0 0 0 0 0 0 0 0 0 0 0
0 0 0 0 0 0 0 0 0 2 2 2 255 251 210 255 251 210 255 251 210 255 251 210 255 251 210 255 251 210 255 251 210 255 251 210 255 251 210 255 251 210 255 251 210 255 251 210 255 251 210 255 251 210 255 251 210 255 251 210 255 251 210 255 251 210 255 251 210 255 251 210 255 251 210 255 251 210 255 251 210 255 251 210 255 251 210 255 251 210 255 251 210 1 1 1 0 0 0 0 0 0 0 0 0 0 0 0 0 0 0 255 251 210 255 251 210 255 251 210 255 251 210 255 251 210 255 251 210 255 251 210 2 2 2 0 0 0 0 0 0 0 0 0 0 0 0 0 0 0
0 0 0 0 0 0 0 0 0 0 0 0 3 3 3 255 251 210 255 251 210 255 251 210 255 251 210 255 251 210 255 251 210 255 251 210 255 251 210 255 251 210 255 251 210 255 251 210 255 251 210 255 251 210 255 251 210 255 251 210 255 251 210 255 251 210 255 251 210 255 251 210 255 251 210 255 251 210 255 251 210 255 251 210 255 251 210 255 251 210 255 251 210 255 251 210 0 0 0 0 0 0 0 0 0 252 41 126 251 41 126 252 105 161 255 251 210 255 251 210 255 251 210 255 251 210 255 251 210 2 2 2 0 0 0 0 0 0 0 0 0 0 0 0 0 0 0 0 0 0
0 0 0 0 0 0 0 0 0 0 0 0 0 0 0 2 2 2 2 2 2 255 251 210 255 251 210 255 251 210 255 251 210 255 251 210 255 251 210 255 251 210 255 251 210 255 251 210 255 251 210 255 251 210 255 251 210 255 251 210 255 251 210 255 251 210 255 251 210 255 251 210 255 251 210 255 251 210 255 251 210 255 251 210 255 251 210 255 251 210 255 251 210 255 251 210 255 251 210 255 251 210 252 104 161 252 41 126 252 41 126 252 104 161 255 251 210 255 251 210 255 251 210 255 251 210 255 251 210 2 2 2 0 0 0 0 0 0 0 0 0 0 0 0 0 0 0 0 0 0
0 0 0 0 0 0 0 0 0 0 0 0 0 0 0 0 0 0 2 2 2 255 251 210 255 251 210 255 251 210 255 251 210 255 251 210 255 251 210 255 251 210 255 251 210 255 251 210 255 251 210 255 251 210 255 251 210 255 251 210 255 251 210 255 251 210 255 251 210 255 251 210 255 251 210 255 251 210 255 251 210 255 251 210 255 251 210 255 251 210 255 251 210 255 251 210 255 251 210 255 251 210 255 251 210 252 104 161 252 104 161 255 251 210 255 251 210 255 251 210 255 251 210 255 251 210 2 2 2 0 0 0 0 0 0 0 0 0 0 0 0 0 0 0 0 0 0 0 0 0
0 0 0 0 0 0 0 0 0 0 0 0 0 0 0 0 0 0 2 2 2 255 251 210 255 251 210 255 251 210 255 251 210 255 251 210 255 251 210 255 251 210 255 251 210 255 251 210 255 251 210 255 251 210 255 251 210 255 251 210 255 251 210 255 251 210 255 251 210 255 251 210 255 251 210 255 251 210 255 251 210 255 251 210 255 251 210 255 251 210 255 251 210 255 251 210 255 251 210 255 251 210 255 251 210 255 251 210 255 250 210 255 251 210 255 251 210 255 251 210 255 251 210 2 2 2 0 0 0 0 0 0 0 0 0 0 0 0 0 0 0 0 0 0 0 0 0 0 0 0
0 0 0 0 0 0 0 0 0 0 0 0 0 0 0 0 0 0 2 2 2 255 251 210 255 251 210 255 251 210 255 251 210 255 251 210 255 251 210 255 251 210 255 251 210 255 251 210 255 251 210 255 251 210 255 251 210 255 251 210 255 251 210 255 251 210 255 251 210 255 251 210 255 251 210 2 2 2 255 251 210 255 251 210 255 251 210 255 251 210 255 251 210 255 251 210 255 251 210 255 251 210 255 251 210 255 251 210 255 251 210 255 251 210 255 251 210 3 3 3 2 2 2 0 0 0 0 0 0 0 0 0 0 0 0 0 0 0 0 0 0 0 0 0 0 0 0 0 0 0
0 0 0 0 0 0 0 0 0 0 0 0 0 0 0 0 0 0 0 0 0 2 2 2 254 250 209 255 251 210 255 251 210 255 251 210 255 251 210 255 251 210 255 251 210 255 251 210 255 251 210 255 251 210 255 251 210 255 251 210 255 251 210 255 251 210 255 251 210 255 251 210 255 251 210 2 2 2 2 2 2 2 2 2 2 2 2 2 2 2 2 2 2 2 2 2 2 2 2 2 2 2 2 2 2 2 2 2 2 2 2 2 2 2 2 2 2 0 0 0 0 0 0 0 0 0 0 0 0 0 0 0 0 0 0 0 0 0 0 0 0 0 0 0 0 0 0 0 0 0
0 0 0 0 0 0 0 0 0 0 0 0 0 0 0 0 0 0 0 0 0 2 2 2 255 251 210 255 251 210 255 251 210 255 251 210 255 251 210 255 251 210 255 251 210 255 251 210 255 251 210 255 251 210 255 251 210 255 251 210 255 251 210 255 251 210 255 251 210 4 4 4 3 3 3 254 250 209 254 250 209 253 249 208 253 249 208 254 250 209 253 249 208 2 2 2 0 0 0 0 0 0 0 0 0 0 0 0 0 0 0 0 0 0 0 0 0 0 0 0 0 0 0 0 0 0 0 0 0 0 0 0 0 0 0 0 0 0 0 0 0 0 0 0 0 0 0 0 0 0
0 0 0 0 0 0 0 0 0 0 0 0 0 0 0 0 0 0 0 0 0 2 2 2 255 251 210 255 251 210 255 251 210 255 251 210 255 251 210 255 251 210 255 251 210 2 2 2 2 2 2 255 251 210 255 251 210 255 251 210 255 251 210 255 251 210 255 251 210 255 251 210 255 251 210 2 2 2 255 251 210 255 251 210 255 251 210 255 251 210 255 251 210 2 2 2 0 0 0 0 0 0 0 0 0 0 0 0 0 0 0 0 0 0 0 0 0 0 0 0 0 0 0 0 0 0 0 0 0 0 0 0 0 0 0 0 0 0 0 0 0 0 0 0 0 0 0 0 0 0
0 0 0 0 0 0 0 0 0 0 0 0 0 0 0 0 0 0 0 0 0 2 2 2 254 250 209 255 251 210 255 251 210 255 251 210 255 251 210 255 251 210 255 251 210 255 251 210 255 251 210 2 2 2 254 250 209 255 251 210 255 251 210 255 251 210 255 251 210 255 251 210 255 251 210 2 2 2 255 251 210 255 251 210 255 251 210 255 251 210 255 251 210 254 250 209 2 2 2 0 0 0 0 0 0 0 0 0 0 0 0 0 0 0 0 0 0 0 0 0 0 0 0 0 0 0 0 0 0 0 0 0 0 0 0 0 0 0 0 0 0 0 0 0 0 0 0 0 0 0
0 0 0 0 0 0 0 0 0 0 0 0 0 0 0 0 0 0 0 0 0 0 0 0 3 3 3 3 3 3 255 251 210 255 251 210 255 251 210 3 3 3 255 251 210 4 4 4 255 251 210 2 2 2 255 251 210 255 251 210 255 251 210 3 3 3 255 251 210 4 4 4 255 251 210 2 2 2 253 249 208 2 2 2 255 251 210 2 2 2 255 251 210 2 2 2 2 2 2 0 0 0 0 0 0 0 0 0 0 0 0 0 0 0 0 0 0 0 0 0 0 0 0 0 0 0 0 0 0 0 0 0 0 0 0 0 0 0 0 0 0 0 0 0 0 0 0 0 0 0
0 0 0 0 0 0 0 0 0 0 0 0 0 0 0 0 0 0 0 0 0 0 0 0 0 0 0 2 2 2 3 3 3 4 4 4 3 3 3 2 2 2 4 4 4 2 2 2 3 3 3 0 0 0 3 3 3 3 3 3 4 4 4 2 2 2 3 3 3 2 2 2 3 3 3 0 0 0 2 2 2 2 2 2 2 2 2 2 2 2 2 2 2 0 0 0 0 0 0 0 0 0 0 0 0 0 0 0 0 0 0 0 0 0 0 0 0 0 0 0 0 0 0 0 0 0 0 0 0 0 0 0 0 0 0 0 0 0 0 0 0 0 0 0 0 0 0 0 0 0
