0 0 0 0 0 0 0 0 0 0 0 0 62 33 56 62 33 56 62 33 56 62 33 56 0 0 0 0 0 0 0 0 0 0 0 0 0 0 0 0 0 0 62 33 56 62 33 56 62 33 56 62 33 56 0 0 0 0 0 0 0 0 0 0 0 0 0 0 0 0 0 0 0 0 0 0 0 0 0 0 0 0 0 0 0 0 0
0 0 0 0 0 0 0 0 0 62 33 56 114 76 42 114 76 42 114 76 42 114 76 42 62 33 56 62 33 56 62 33 56 62 33 56 62 33 56 62 33 56 114 76 42 114 76 42 114 76 42 114 76 42 62 33 56 0 0 0 0 0 0 0 0 0 0 0 0 0 0 0 0 0 0 0 0 0 0 0 0 0 0 0 0 0 0
0 0 0 0 0 0 0 0 0 62 33 56 114 76 42 114 76 42 114 76 42 114 76 42 62 33 56 114 76 42 114 76 42 114 76 42 114 76 42 62 33 56 114 76 42 114 76 42 114 76 42 114 76 42 62 33 56 0 0 0 0 0 0 0 0 0 0 0 0 0 0 0 0 0 0 0 0 0 0 0 0 0 0 0 0 0 0
0 0 0 0 0 0 0 0 0 62 33 56 62 33 56 114 76 42 114 76 42 62 33 56 86 51 47 86 51 47 114 76 42 114 76 42 86 51 47 62 33 56 62 33 56 114 76 42 114 76 42 62 33 56 62 33 56 0 0 0 0 0 0 0 0 0 0 0 0 0 0 0 0 0 0 0 0 0 0 0 0 0 0 0 0 0 0
0 0 0 0 0 0 0 0 0 62 33 56 86 51 47 62 33 56 62 33 56 86 51 47 86 51 47 86 51 47 86 51 47 86 51 47 86 51 47 86 51 47 86 51 47 62 33 56 62 33 56 86 51 47 86 51 47 62 33 56 0 0 0 0 0 0 0 0 0 0 0 0 0 0 0 0 0 0 0 0 0 0 0 0 0 0 0
0 0 0 0 0 0 62 33 56 86 51 47 86 51 47 86 51 47 86 51 47 86 51 47 86 51 47 86 51 47 86 51 47 86 51 47 86 51 47 86 51 47 86 51 47 86 51 47 86 51 47 86 51 47 86 51 47 86 51 47 62 33 56 0 0 0 0 0 0 0 0 0 0 0 0 0 0 0 0 0 0 0 0 0 0 0 0
0 0 0 0 0 0 62 33 56 86 51 47 86 51 47 86 51 47 86 51 47 86 51 47 86 51 47 86 51 47 86 51 47 86 51 47 86 51 47 86 51 47 86 51 47 86 51 47 86 51 47 86 51 47 86 51 47 86 51 47 62 33 56 0 0 0 0 0 0 0 0 0 0 0 0 0 0 0 0 0 0 0 0 0 0 0 0
0 0 0 62 33 56 86 51 47 86 51 47 86 51 47 233 143 22 233 143 22 86 51 47 86 51 47 86 51 47 86 51 47 86 51 47 233 143 22 233 143 22 233 143 22 86 51 47 86 51 47 86 51 47 86 51 47 86 51 47 86 51 47 62 33 56 0 0 0 0 0 0 0 0 0 0 0 0 0 0 0 0 0 0 0 0 0
0 0 0 62 33 56 86 51 47 86 51 47 233 143 22 233 143 22 233 143 22 233 143 22 86 51 47 86 51 47 86 51 47 233 143 22 233 143 22 233 143 22 233 143 22 233 143 22 86 51 47 86 51 47 86 51 47 86 51 47 86 51 47 62 33 56 0 0 0 0 0 0 0 0 0 0 0 0 0 0 0 0 0 0 0 0 0
62 33 56 86 51 47 86 51 47 86 51 47 233 143 22 233 143 22 233 143 22 233 143 22 233 143 22 86 51 47 233 143 22 233 143 22 233 143 22 233 143 22 233 143 22 233 143 22 86 51 47 86 51 47 86 51 47 86 51 47 86 51 47 86 51 47 62 33 56 0 0 0 0 0 0 0 0 0 0 0 0 0 0 0 0 0 0
62 33 56 86 51 47 86 51 47 233 143 22 233 143 22 62 33 56 62 33 56 233 143 22 233 143 22 233 143 22 233 143 22 233 143 22 62 33 56 62 33 56 233 143 22 233 143 22 86 51 47 86 51 47 86 51 47 86 51 47 86 51 47 86 51 47 62 33 56 0 0 0 0 0 0 0 0 0 0 0 0 0 0 0 0 0 0
62 33 56 86 51 47 86 51 47 233 143 22 233 143 22 255 255 255 62 33 56 233 143 22 255 255 255 222 144 82 233 143 22 233 143 22 255 255 255 62 33 56 233 143 22 233 143 22 233 143 22 233 143 22 86 51 47 86 51 47 86 51 47 86 51 47 62 33 56 0 0 0 0 0 0 0 0 0 0 0 0 0 0 0 0 0 0
62 33 56 86 51 47 86 51 47 233 143 22 233 143 22 233 143 22 233 143 22 255 255 255 255 255 255 222 144 82 222 144 82 233 143 22 233 143 22 233 143 22 233 143 22 233 143 22 233 143 22 233 143 22 86 51 47 86 51 47 86 51 47 86 51 47 62 33 56 0 0 0 0 0 0 0 0 0 0 0 0 0 0 0 0 0 0
62 33 56 233 143 22 233 143 22 233 143 22 233 143 22 255 255 255 62 33 56 62 33 56 62 33 56 255 255 255 222 144 82 222 144 82 233 143 22 233 143 22 233 143 22 233 143 22 233 143 22 233 143 22 86 51 47 86 51 47 86 51 47 86 51 47 62 33 56 0 0 0 0 0 0 0 0 0 0 0 0 0 0 0 0 0 0
62 33 56 233 143 22 233 143 22 233 143 22 233 143 22 255 255 255 62 33 56 62 33 56 62 33 56 255 255 255 255 255 255 222 144 82 233 143 22 233 143 22 233 143 22 233 143 22 233 143 22 86 51 47 86 51 47 86 51 47 86 51 47 86 51 47 62 33 56 0 0 0 0 0 0 0 0 0 0 0 0 0 0 0 0 0 0
62 33 56 233 143 22 233 143 22 233 143 22 233 143 22 255 255 255 255 255 255 255 255 255 255 255 255 255 255 255 62 33 56 62 33 56 233 143 22 233 143 22 233 143 22 233 143 22 233 143 22 86 51 47 86 51 47 86 51 47 233 143 22 255 255 255 86 51 47 62 33 56 0 0 0 0 0 0 0 0 0 0 0 0 0 0 0
62 33 56 233 143 22 233 143 22 233 143 22 233 143 22 62 33 56 62 33 56 62 33 56 62 33 56 62 33 56 62 33 56 233 143 22 233 143 22 233 143 22 233 143 22 233 143 22 233 143 22 233 143 22 86 51 47 233 143 22 233 143 22 255 255 255 86 51 47 86 51 47 62 33 56 62 33 56 0 0 0 0 0 0 0 0 0
62 33 56 233 143 22 233 143 22 233 143 22 255 255 255 233 143 22 62 33 56 225 96 112 225 96 112 62 33 56 233 143 22 233 143 22 255 255 255 255 255 255 233 143 22 233 143 22 233 143 22 233 143 22 233 143 22 233 143 22 233 143 22 255 255 255 86 51 47 86 51 47 86 51 47 86 51 47 62 33 56 0 0 0 0 0 0
62 33 56 233 143 22 233 143 22 255 255 255 255 255 255 255 255 255 62 33 56 225 96 112 225 96 112 62 33 56 255 255 255 255 255 255 255 255 255 255 255 255 233 143 22 233 143 22 233 143 22 233 143 22 233 143 22 233 143 22 255 255 255 255 255 255 86 51 47 86 51 47 86 51 47 86 51 47 86 51 47 62 33 56 0 0 0
0 0 0 62 33 56 233 143 22 233 143 22 255 255 255 255 255 255 255 255 255 62 33 56 62 33 56 255 255 255 255 255 255 255 255 255 255 255 255 255 255 255 233 143 22 233 143 22 233 143 22 233 143 22 233 143 22 255 255 255 255 255 255 255 255 255 86 51 47 86 51 47 86 51 47 233 143 22 86 51 47 62 33 56 0 0 0
0 0 0 0 0 0 62 33 56 233 143 22 233 143 22 255 255 255 255 255 255 255 255 255 255 255 255 255 255 255 255 255 255 255 255 255 255 255 255 233 143 22 233 143 22 233 143 22 233 143 22 255 255 255 255 255 255 255 255 255 255 255 255 255 255 255 233 143 22 233 143 22 233 143 22 62 33 56 233 143 22 62 33 56 0 0 0
0 0 0 0 0 0 62 33 56 233 143 22 233 143 22 233 143 22 255 255 255 255 255 255 255 255 255 255 255 255 255 255 255 255 255 255 233 143 22 233 143 22 233 143 22 233 143 22 255 255 255 255 255 255 255 255 255 255 255 255 255 255 255 233 143 22 233 143 22 233 143 22 233 143 22 62 33 56 233 143 22 62 33 56 0 0 0
0 0 0 0 0 0 0 0 0 62 33 56 62 33 56 255 255 255 255 255 255 255 255 255 255 255 255 255 255 255 255 255 255 255 255 255 255 255 255 255 255 255 255 255 255 255 255 255 255 255 255 255 255 255 255 255 255 255 255 255 255 255 255 233 143 22 233 143 22 233 143 22 233 143 22 62 33 56 233 143 22 62 33 56 0 0 0
0 0 0 0 0 0 0 0 0 62 33 56 255 255 255 255 255 255 255 255 255 255 255 255 255 255 255 255 255 255 255 255 255 255 255 255 255 255 255 255 255 255 255 255 255 255 255 255 255 255 255 255 255 255 255 255 255 255 255 255 233 143 22 233 143 22 233 143 22 233 143 22 62 33 56 233 143 22 233 143 22 62 33 56 0 0 0
0 0 0 0 0 0 0 0 0 0 0 0 62 33 56 255 255 255 255 255 255 255 255 255 255 255 255 255 255 255 255 255 255 255 255 255 255 255 255 255 255 255 255 255 255 255 255 255 62 33 56 255 255 255 255 255 255 255 255 255 233 143 22 233 143 22 233 143 22 233 143 22 62 33 56 233 143 22 233 143 22 62 33 56 0 0 0
0 0 0 0 0 0 0 0 0 0 0 0 0 0 0 62 33 56 255 255 255 255 255 255 255 255 255 255 255 255 255 255 255 255 255 255 255 255 255 255 255 255 255 255 255 62 33 56 233 143 22 255 255 255 255 255 255 255 255 255 233 143 22 233 143 22 233 143 22 233 143 22 62 33 56 255 255 255 255 255 255 62 33 56 0 0 0
0 0 0 0 0 0 0 0 0 0 0 0 0 0 0 62 33 56 62 33 56 62 33 56 255 255 255 255 255 255 255 255 255 255 255 255 255 255 255 62 33 56 62 33 56 233 143 22 233 143 22 255 255 255 255 255 255 255 255 255 233 143 22 233 143 22 233 143 22 233 143 22 62 33 56 255 255 255 255 255 255 255 255 255 62 33 56
0 0 0 0 0 0 0 0 0 0 0 0 0 0 0 62 33 56 255 255 255 255 255 255 62 33 56 62 33 56 62 33 56 62 33 56 62 33 56 62 33 56 255 255 255 255 255 255 233 143 22 62 33 56 62 33 56 62 33 56 62 33 56 255 255 255 255 255 255 233 143 22 62 33 56 255 255 255 255 255 255 62 33 56 0 0 0
0 0 0 0 0 0 0 0 0 0 0 0 0 0 0 62 33 56 255 255 255 255 255 255 255 255 255 62 33 56 0 0 0 0 0 0 62 33 56 255 255 255 255 255 255 255 255 255 62 33 56 0 0 0 0 0 0 62 33 56 255 255 255 255 255 255 255 255 255 62 33 56 0 0 0 62 33 56 62 33 56 0 0 0 0 0 0
0 0 0 0 0 0 0 0 0 0 0 0 0 0 0 62 33 56 255 255 255 255 255 255 255 255 255 62 33 56 0 0 0 0 0 0 62 33 56 255 255 255 255 255 255 255 255 255 62 33 56 0 0 0 0 0 0 62 33 56 255 255 255 255 255 255 255 255 255 62 33 56 0 0 0 0 0 0 0 0 0 0 0 0 0 0 0
0 0 0 0 0 0 0 0 0 0 0 0 0 0 0 0 0 0 62 33 56 62 33 56 62 33 56 0 0 0 0 0 0 0 0 0 0 0 0 62 33 56 62 33 56 62 33 56 0 0 0 0 0 0 0 0 0 0 0 0 62 33 56 62 33 56 62 33 56 0 0 0 0 0 0 0 0 0 0 0 0 0 0 0 0 0 0
