0 0 0 0 0 0 0 0 0 0 0 0 0 0 0 0 0 0 0 0 0 0 0 0 0 0 0 0 0 0 0 0 0 0 0 0 0 0 0 0 0 0 0 0 0 0 0 0 0 0 0 0 0 0 0 0 0 0 0 0 0 0 0 0 0 0 0 0 0 0 0 0 0 0 0 0 0 0 0 0 0 0 0 0 0 0 0 0 0 0 0 0 0 0 0 0 0 0 0 0 0 0 0 0 0 0 0 0 0 0 0 0 0 0 0 0 0 0 0 0 0 0 0 0 0 0 0 0 0 0 0 0 0 0 0 0 0 0 0 0 0 0 0 0
0 0 0 255 246 205 233 150 54 0 0 0 0 0 0 0 0 0 0 0 0 0 0 0 0 0 0 0 0 0 0 0 0 0 0 0 0 0 0 0 0 0 0 0 0 0 0 0 233 150 54 255 246 205 255 246 205 0 0 0 0 0 0 0 0 0 0 0 0 0 0 0 0 0 0 0 0 0 0 0 0 0 0 0 0 0 0 0 0 0 0 0 0 0 0 0 0 0 0 0 0 0 0 0 0 0 0 0 0 0 0 0 0 0 0 0 0 0 0 0 0 0 0 0 0 0 0 0 0 0 0 0 0 0 0 0 0 0 0 0 0 0 0 0
0 0 0 255 246 205 255 246 205 233 150 54 0 0 0 0 0 0 0 0 0 0 0 0 0 0 0 0 0 0 0 0 0 0 0 0 0 0 0 0 0 0 0 0 0 233 150 54 255 246 205 255 246 205 255 246 205 0 0 0 0 0 0 0 0 0 0 0 0 0 0 0 0 0 0 0 0 0 0 0 0 0 0 0 0 0 0 0 0 0 0 0 0 0 0 0 0 0 0 0 0 0 0 0 0 0 0 0 0 0 0 0 0 0 0 0 0 0 0 0 0 0 0 0 0 0 0 0 0 0 0 0 0 0 0 0 0 0 0 0 0 0 0 0
0 0 0 255 246 205 255 246 205 255 246 205 233 150 54 0 0 0 0 0 0 0 0 0 0 0 0 0 0 0 0 0 0 0 0 0 0 0 0 0 0 0 233 150 54 255 246 205 255 246 205 255 246 205 255 246 205 0 0 0 0 0 0 0 0 0 0 0 0 0 0 0 0 0 0 0 0 0 0 0 0 0 0 0 0 0 0 0 0 0 0 0 0 0 0 0 0 0 0 0 0 0 0 0 0 0 0 0 0 0 0 0 0 0 0 0 0 0 0 0 0 0 0 0 0 0 0 0 0 0 0 0 0 0 0 0 0 0 0 0 0 0 0 0
0 0 0 255 246 205 255 246 205 255 246 205 233 150 54 0 0 0 0 0 0 0 0 0 0 0 0 0 0 0 0 0 0 0 0 0 0 0 0 233 150 54 255 246 205 255 246 205 255 246 205 255 246 205 255 246 205 0 0 0 0 0 0 0 0 0 0 0 0 0 0 0 0 0 0 0 0 0 0 0 0 0 0 0 0 0 0 0 0 0 0 0 0 0 0 0 0 0 0 0 0 0 0 0 0 0 0 0 0 0 0 0 0 0 0 0 0 0 0 0 0 0 0 0 0 0 0 0 0 0 0 0 0 0 0 0 0 0 0 0 0 0 0 0
0 0 0 255 246 205 255 246 205 255 246 205 255 246 205 233 150 54 0 0 0 0 0 0 0 0 0 0 0 0 0 0 0 0 0 0 233 150 54 233 150 54 255 246 205 255 246 205 255 246 205 255 246 205 255 246 205 0 0 0 0 0 0 0 0 0 0 0 0 0 0 0 0 0 0 0 0 0 0 0 0 0 0 0 0 0 0 0 0 0 0 0 0 0 0 0 0 0 0 0 0 0 0 0 0 0 0 0 0 0 0 0 0 0 0 0 0 0 0 0 0 0 0 0 0 0 0 0 0 0 0 0 0 0 0 0 0 0 0 0 0 0 0 0
0 0 0 233 150 54 255 246 205 255 246 205 255 246 205 0 0 0 0 0 0 0 0 0 0 0 0 0 0 0 0 0 0 0 0 0 233 150 54 233 150 54 255 246 205 255 246 205 255 246 205 255 246 205 233 150 54 0 0 0 0 0 0 0 0 0 0 0 0 0 0 0 0 0 0 0 0 0 0 0 0 0 0 0 0 0 0 0 0 0 0 0 0 0 0 0 0 0 0 0 0 0 0 0 0 0 0 0 0 0 0 0 0 0 0 0 0 0 0 0 0 0 0 0 0 0 0 0 0 0 0 0 0 0 0 0 0 0 0 0 0 0 0 0
0 0 0 0 0 0 255 246 205 233 150 54 233 150 54 233 150 54 233 150 54 233 150 54 233 150 54 233 150 54 233 150 54 233 150 54 0 0 0 233 150 54 255 246 205 255 246 205 255 246 205 255 246 205 0 0 0 0 0 0 0 0 0 0 0 0 0 0 0 0 0 0 0 0 0 0 0 0 0 0 0 0 0 0 0 0 0 0 0 0 0 0 0 0 0 0 0 0 0 0 0 0 0 0 0 0 0 0 0 0 0 0 0 0 0 0 0 0 0 0 0 0 0 0 0 0 0 0 0 0 0 0 0 0 0 0 0 0 0 0 0 0 0 0
0 0 0 0 0 0 233 150 54 233 150 54 233 150 54 233 150 54 233 150 54 233 150 54 233 150 54 233 150 54 233 150 54 233 150 54 233 150 54 233 150 54 233 150 54 255 246 205 255 246 205 233 150 54 0 0 0 0 0 0 0 0 0 0 0 0 0 0 0 0 0 0 0 0 0 0 0 0 0 0 0 0 0 0 0 0 0 0 0 0 0 0 0 0 0 0 0 0 0 0 0 0 0 0 0 0 0 0 0 0 0 0 0 0 0 0 0 0 0 0 0 0 0 0 0 0 0 0 0 0 0 0 0 0 0 0 0 0 0 0 0 0 0 0
0 0 0 0 0 0 233 150 54 233 150 54 233 150 54 233 150 54 233 150 54 233 150 54 233 150 54 233 150 54 233 150 54 233 150 54 233 150 54 233 150 54 233 150 54 233 150 54 233 150 54 233 150 54 0 0 0 0 0 0 0 0 0 0 0 0 0 0 0 0 0 0 0 0 0 0 0 0 0 0 0 0 0 0 0 0 0 0 0 0 0 0 0 0 0 0 0 0 0 0 0 0 0 0 0 0 0 0 0 0 0 0 0 0 0 0 0 0 0 0 0 0 0 0 0 0 0 0 0 0 0 0 0 0 0 0 0 0 0 0 0 0 0 0
0 0 0 0 0 0 233 150 54 250 250 250 37 52 84 233 150 54 255 246 205 233 150 54 250 250 250 37 52 84 233 150 54 233 150 54 233 150 54 233 150 54 233 150 54 0 0 0 233 150 54 0 0 0 0 0 0 0 0 0 0 0 0 0 0 0 0 0 0 0 0 0 0 0 0 0 0 0 0 0 0 0 0 0 0 0 0 0 0 0 0 0 0 0 0 0 0 0 0 0 0 0 0 0 0 0 0 0 0 0 0 0 0 0 0 0 0 0 0 0 0 0 0 0 0 0 0 0 0 0 0 0 0 0 0 0 0 0 0 0 0 0 0 0
0 0 0 0 0 0 233 150 54 37 52 84 37 52 84 255 246 205 255 246 205 255 246 205 37 52 84 37 52 84 233 150 54 233 150 54 233 150 54 233 150 54 233 150 54 233 150 54 0 0 0 0 0 0 0 0 0 0 0 0 0 0 0 0 0 0 0 0 0 0 0 0 0 0 0 0 0 0 0 0 0 0 0 0 0 0 0 0 0 0 0 0 0 0 0 0 0 0 0 0 0 0 0 0 0 0 0 0 0 0 0 0 0 0 0 0 0 0 0 0 0 0 0 0 0 0 0 0 0 0 0 0 0 0 0 0 0 0 0 0 0 0 0 0
0 0 0 0 0 0 233 150 54 233 150 54 255 246 205 255 246 205 255 246 205 255 246 205 255 246 205 233 150 54 233 150 54 255 246 205 255 246 205 233 150 54 233 150 54 233 150 54 233 150 54 0 0 0 0 0 0 0 0 0 0 0 0 0 0 0 0 0 0 0 0 0 0 0 0 0 0 0 0 0 0 0 0 0 0 0 0 0 0 0 0 0 0 0 0 0 0 0 0 0 0 0 0 0 0 0 0 0 0 0 0 0 0 0 0 0 0 0 0 0 0 0 0 0 0 0 0 0 0 0 0 0 0 0 0 0 0 0 0 0 0 0 0 0
0 0 0 255 246 205 255 246 205 0 0 0 0 0 0 0 0 0 255 246 205 255 246 205 255 246 205 255 246 205 255 246 205 255 246 205 255 246 205 255 246 205 233 150 54 233 150 54 233 150 54 0 0 0 0 0 0 0 0 0 0 0 0 0 0 0 0 0 0 0 0 0 0 0 0 0 0 0 0 0 0 0 0 0 0 0 0 0 0 0 0 0 0 0 0 0 0 0 0 0 0 0 0 0 0 0 0 0 0 0 0 0 0 0 0 0 0 0 0 0 0 0 0 0 0 0 0 0 0 0 0 0 0 0 0 0 0 0 0 0 0 0 0 0
0 0 0 255 246 205 255 246 205 0 0 0 91 67 63 0 0 0 255 246 205 255 246 205 255 246 205 255 246 205 0 0 0 255 246 205 255 246 205 255 246 205 255 246 205 233 150 54 233 150 54 233 150 54 0 0 0 0 0 0 0 0 0 0 0 0 0 0 0 0 0 0 0 0 0 0 0 0 0 0 0 0 0 0 0 0 0 0 0 0 0 0 0 0 0 0 0 0 0 0 0 0 0 0 0 0 0 0 0 0 0 0 0 0 0 0 0 0 0 0 0 0 0 0 0 0 0 0 0 0 0 0 0 0 0 0 0 0 0 0 0 0 0 0
0 0 0 255 246 205 0 0 0 255 246 205 0 0 0 255 246 205 255 246 205 255 246 205 0 0 0 0 0 0 255 246 205 255 246 205 255 246 205 255 246 205 255 246 205 233 150 54 233 150 54 233 150 54 0 0 0 0 0 0 0 0 0 0 0 0 0 0 0 0 0 0 0 0 0 0 0 0 0 0 0 0 0 0 0 0 0 0 0 0 0 0 0 0 0 0 0 0 0 0 0 0 0 0 0 0 0 0 0 0 0 0 0 0 0 0 0 0 0 0 233 150 54 233 150 54 233 150 54 0 0 0 0 0 0 0 0 0 0 0 0 0 0 0
0 0 0 255 246 205 0 0 0 0 0 0 0 0 0 0 0 0 0 0 0 0 0 0 154 37 37 0 0 0 255 246 205 255 246 205 255 246 205 255 246 205 255 246 205 233 150 54 233 150 54 80 48 19 80 48 19 0 0 0 0 0 0 0 0 0 0 0 0 0 0 0 0 0 0 0 0 0 0 0 0 0 0 0 0 0 0 0 0 0 0 0 0 0 0 0 0 0 0 0 0 0 0 0 0 0 0 0 0 0 0 0 0 0 0 0 0 0 0 0 0 0 0 233 150 54 233 150 54 233 150 54 0 0 0 0 0 0 0 0 0 0 0 0
0 0 0 0 0 0 255 246 205 0 0 0 255 160 152 255 160 152 0 0 0 154 37 37 0 0 0 255 246 205 255 246 205 255 246 205 255 246 205 255 246 205 233 150 54 233 150 54 80 48 19 80 48 19 80 48 19 80 48 19 80 48 19 80 48 19 80 48 19 80 48 19 80 48 19 80 48 19 80 48 19 80 48 19 80 48 19 80 48 19 80 48 19 80 48 19 80 48 19 80 48 19 80 48 19 80 48 19 80 48 19 80 48 19 80 48 19 233 150 54 233 150 54 0 0 0 0 0 0 233 150 54 0 0 0 0 0 0 0 0 0 0 0 0
0 0 0 0 0 0 255 246 205 0 0 0 255 160 152 255 160 152 0 0 0 0 0 0 255 246 205 255 246 205 255 246 205 255 246 205 255 246 205 233 150 54 233 150 54 233 150 54 80 48 19 80 48 19 80 48 19 80 48 19 80 48 19 80 48 19 80 48 19 80 48 19 80 48 19 80 48 19 80 48 19 80 48 19 80 48 19 80 48 19 80 48 19 80 48 19 80 48 19 80 48 19 80 48 19 80 48 19 80 48 19 80 48 19 233 150 54 233 150 54 233 150 54 233 150 54 233 150 54 0 0 0 0 0 0 0 0 0 0 0 0 0 0 0
0 0 0 0 0 0 255 246 205 0 0 0 255 160 152 255 160 152 0 0 0 255 246 205 255 246 205 255 246 205 255 246 205 255 246 205 233 150 54 233 150 54 233 150 54 233 150 54 80 48 19 80 48 19 80 48 19 80 48 19 80 48 19 80 48 19 80 48 19 80 48 19 80 48 19 80 48 19 80 48 19 80 48 19 80 48 19 80 48 19 80 48 19 80 48 19 80 48 19 80 48 19 80 48 19 80 48 19 80 48 19 233 150 54 233 150 54 233 150 54 233 150 54 233 150 54 233 150 54 233 150 54 0 0 0 0 0 0 0 0 0 0 0 0
0 0 0 0 0 0 255 246 205 255 246 205 0 0 0 0 0 0 255 246 205 255 246 205 255 246 205 255 246 205 255 246 205 233 150 54 233 150 54 233 150 54 233 150 54 233 150 54 233 150 54 80 48 19 80 48 19 80 48 19 80 48 19 80 48 19 80 48 19 80 48 19 80 48 19 80 48 19 80 48 19 80 48 19 80 48 19 80 48 19 80 48 19 80 48 19 80 48 19 80 48 19 80 48 19 233 150 54 233 150 54 233 150 54 233 150 54 233 150 54 233 150 54 233 150 54 233 150 54 233 150 54 233 150 54 0 0 0 0 0 0 0 0 0
0 0 0 0 0 0 0 0 0 255 246 205 255 246 205 255 246 205 255 246 205 255 246 205 255 246 205 255 246 205 255 246 205 233 150 54 233 150 54 233 150 54 233 150 54 233 150 54 233 150 54 233 150 54 80 48 19 80 48 19 80 48 19 80 48 19 80 48 19 80 48 19 80 48 19 80 48 19 80 48 19 80 48 19 80 48 19 80 48 19 80 48 19 80 48 19 80 48 19 233 150 54 233 150 54 233 150 54 233 150 54 233 150 54 233 150 54 233 150 54 233 150 54 233 150 54 233 150 54 233 150 54 233 150 54 233 150 54 0 0 0 0 0 0
0 0 0 0 0 0 0 0 0 255 246 205 255 246 205 255 246 205 255 246 205 255 246 205 255 246 205 255 246 205 255 246 205 255 246 205 233 150 54 233 150 54 233 150 54 233 150 54 233 150 54 233 150 54 233 150 54 80 48 19 80 48 19 80 48 19 80 48 19 80 48 19 80 48 19 80 48 19 80 48 19 80 48 19 80 48 19 80 48 19 80 48 19 233 150 54 233 150 54 233 150 54 233 150 54 233 150 54 233 150 54 233 150 54 233 150 54 233 150 54 233 150 54 233 150 54 233 150 54 233 150 54 233 150 54 233 150 54 0 0 0 0 0 0
0 0 0 0 0 0 0 0 0 255 246 205 255 246 205 255 246 205 255 246 205 255 246 205 255 246 205 255 246 205 255 246 205 255 246 205 255 246 205 233 150 54 233 150 54 233 150 54 233 150 54 233 150 54 233 150 54 233 150 54 233 150 54 80 48 19 80 48 19 80 48 19 80 48 19 80 48 19 80 48 19 80 48 19 80 48 19 233 150 54 233 150 54 233 150 54 233 150 54 233 150 54 233 150 54 233 150 54 233 150 54 233 150 54 233 150 54 233 150 54 233 150 54 233 150 54 233 150 54 233 150 54 233 150 54 233 150 54 233 150 54 0 0 0
0 0 0 0 0 0 0 0 0 0 0 0 255 246 205 255 246 205 255 246 205 255 246 205 255 246 205 255 246 205 255 246 205 255 246 205 255 246 205 255 246 205 233 150 54 233 150 54 233 150 54 233 150 54 233 150 54 233 150 54 233 150 54 233 150 54 233 150 54 80 48 19 80 48 19 80 48 19 233 150 54 233 150 54 233 150 54 233 150 54 233 150 54 233 150 54 233 150 54 233 150 54 233 150 54 233 150 54 233 150 54 233 150 54 233 150 54 233 150 54 233 150 54 233 150 54 233 150 54 233 150 54 233 150 54 233 150 54 233 150 54 0 0 0
0 0 0 0 0 0 0 0 0 0 0 0 255 246 205 255 246 205 255 246 205 255 246 205 255 246 205 255 246 205 255 246 205 255 246 205 255 246 205 255 246 205 233 150 54 233 150 54 233 150 54 233 150 54 233 150 54 233 150 54 233 150 54 233 150 54 233 150 54 233 150 54 233 150 54 233 150 54 233 150 54 233 150 54 233 150 54 233 150 54 233 150 54 233 150 54 233 150 54 233 150 54 233 150 54 233 150 54 0 0 0 255 246 205 233 150 54 233 150 54 233 150 54 233 150 54 233 150 54 233 150 54 233 150 54 233 150 54 255 246 205 0 0 0
0 0 0 0 0 0 0 0 0 0 0 0 0 0 0 255 246 205 255 246 205 255 246 205 255 246 205 255 246 205 255 246 205 255 246 205 255 246 205 255 246 205 255 246 205 233 150 54 233 150 54 233 150 54 233 150 54 233 150 54 233 150 54 233 150 54 233 150 54 233 150 54 233 150 54 233 150 54 233 150 54 233 150 54 233 150 54 233 150 54 233 150 54 233 150 54 233 150 54 233 150 54 233 150 54 255 246 205 0 0 0 255 246 205 255 246 205 233 150 54 233 150 54 233 150 54 233 150 54 233 150 54 233 150 54 233 150 54 0 0 0 0 0 0
0 0 0 0 0 0 0 0 0 0 0 0 0 0 0 0 0 0 255 246 205 255 246 205 255 246 205 255 246 205 255 246 205 255 246 205 255 246 205 255 246 205 255 246 205 233 150 54 233 150 54 233 150 54 233 150 54 0 0 0 233 150 54 233 150 54 233 150 54 233 150 54 233 150 54 233 150 54 233 150 54 233 150 54 233 150 54 233 150 54 255 246 205 255 246 205 255 246 205 255 246 205 255 246 205 255 246 205 255 246 205 0 0 0 255 246 205 255 246 205 255 246 205 233 150 54 233 150 54 233 150 54 255 246 205 255 246 205 0 0 0 0 0 0
0 0 0 0 0 0 0 0 0 0 0 0 0 0 0 0 0 0 0 0 0 255 246 205 255 246 205 255 246 205 255 246 205 255 246 205 255 246 205 255 246 205 255 246 205 233 150 54 233 150 54 233 150 54 233 150 54 0 0 0 255 246 205 255 246 205 255 246 205 255 246 205 255 246 205 255 246 205 255 246 205 255 246 205 255 246 205 255 246 205 255 246 205 255 246 205 255 246 205 255 246 205 255 246 205 255 246 205 255 246 205 255 246 205 0 0 0 255 246 205 255 246 205 255 246 205 255 246 205 255 246 205 255 246 205 0 0 0 0 0 0 0 0 0
0 0 0 0 0 0 0 0 0 0 0 0 0 0 0 0 0 0 0 0 0 0 0 0 0 0 0 0 0 0 255 246 205 255 246 205 0 0 0 255 246 205 255 246 205 255 246 205 233 150 54 233 150 54 0 0 0 255 246 205 255 246 205 255 246 205 255 246 205 255 246 205 255 246 205 0 0 0 0 0 0 0 0 0 0 0 0 0 0 0 0 0 0 0 0 0 0 0 0 0 0 0 0 0 0 0 0 0 0 0 0 0 0 0 0 0 0 0 0 0 255 246 205 255 246 205 255 246 205 255 246 205 255 246 205 0 0 0 0 0 0 0 0 0
0 0 0 0 0 0 0 0 0 0 0 0 0 0 0 0 0 0 0 0 0 0 0 0 0 0 0 255 246 205 0 0 0 0 0 0 0 0 0 255 246 205 255 246 205 255 246 205 255 246 205 255 246 205 0 0 0 0 0 0 0 0 0 0 0 0 0 0 0 0 0 0 0 0 0 0 0 0 0 0 0 0 0 0 0 0 0 0 0 0 0 0 0 0 0 0 0 0 0 0 0 0 0 0 0 0 0 0 0 0 0 255 246 205 255 246 205 255 246 205 0 0 0 255 246 205 255 246 205 255 246 205 255 246 205 0 0 0 0 0 0 0 0 0
0 0 0 0 0 0 0 0 0 0 0 0 0 0 0 0 0 0 0 0 0 0 0 0 0 0 0 255 246 205 255 246 205 255 246 205 0 0 0 255 246 205 255 246 205 255 246 205 255 246 205 0 0 0 0 0 0 0 0 0 0 0 0 0 0 0 0 0 0 0 0 0 0 0 0 0 0 0 0 0 0 0 0 0 0 0 0 0 0 0 0 0 0 0 0 0 0 0 0 0 0 0 0 0 0 0 0 0 0 0 0 0 0 0 255 246 205 255 246 205 255 246 205 0 0 0 255 246 205 255 246 205 255 246 205 0 0 0 0 0 0 0 0 0
0 0 0 0 0 0 0 0 0 0 0 0 0 0 0 0 0 0 0 0 0 0 0 0 255 246 205 255 246 205 255 246 205 0 0 0 255 246 205 255 246 205 255 246 205 255 246 205 0 0 0 0 0 0 0 0 0 0 0 0 0 0 0 0 0 0 0 0 0 0 0 0 0 0 0 0 0 0 0 0 0 0 0 0 0 0 0 0 0 0 0 0 0 0 0 0 0 0 0 0 0 0 0 0 0 0 0 0 0 0 0 255 246 205 255 246 205 255 246 205 0 0 0 255 246 205 255 246 205 255 246 205 255 246 205 0 0 0 0 0 0 0 0 0
0 0 0 0 0 0 0 0 0 0 0 0 0 0 0 0 0 0 0 0 0 0 0 0 0 0 0 0 0 0 0 0 0 0 0 0 0 0 0 0 0 0 0 0 0 0 0 0 0 0 0 0 0 0 0 0 0 0 0 0 0 0 0 0 0 0 0 0 0 0 0 0 0 0 0 0 0 0 0 0 0 0 0 0 0 0 0 0 0 0 0 0 0 0 0 0 0 0 0 0 0 0 0 0 0 0 0 0 0 0 0 0 0 0 0 0 0 0 0 0 0 0 0 0 0 0 0 0 0 0 0 0 0 0 0 0 0 0 0 0 0 0 0 0
