0 0 0 0 0 0 0 0 0 0 0 0 0 0 0 0 0 0 0 0 0 0 0 0 35 31 32 35 31 32 35 31 32 35 31 32 35 31 32 35 31 32 0 0 0 0 0 0 0 0 0 0 0 0 0 0 0 0 0 0 0 0 0 0 0 0 0 0 0 0 0 0 0 0 0 0 0 0 0 0 0 0 0 0 0 0 0 0 0 0 0 0 0 0 0 0 0 0 0 0 0 0 0 0 0 0 0 0 0 0 0 0 0 0 0 0 0 0 0 0 0 0 0 0 0 0 0 0 0 0 0 0 0 0 0 0 0 0 0 0 0 0 0 0 0 0 0 0 0 0 0 0 0 0 0 0 0 0 0 0 0 0 0 0 0 0 0 0 0 0 0
0 0 0 0 0 0 0 0 0 0 0 0 0 0 0 35 31 32 35 31 32 35 31 32 191 225 55 191 225 55 191 225 55 191 225 55 191 225 55 191 225 55 35 31 32 0 0 0 0 0 0 0 0 0 0 0 0 0 0 0 0 0 0 0 0 0 0 0 0 0 0 0 0 0 0 0 0 0 0 0 0 0 0 0 0 0 0 0 0 0 0 0 0 0 0 0 0 0 0 0 0 0 0 0 0 0 0 0 0 0 0 0 0 0 0 0 0 0 0 0 0 0 0 0 0 0 0 0 0 0 0 0 0 0 0 0 0 0 0 0 0 0 0 0 0 0 0 0 0 0 0 0 0 0 0 0 0 0 0 0 0 0 0 0 0 0 0 0 0 0 0
0 0 0 0 0 0 35 31 32 35 31 32 35 31 32 191 225 55 191 225 55 191 225 55 117 186 44 117 186 44 117 186 44 117 186 44 117 186 44 117 186 44 191 225 55 35 31 32 0 0 0 0 0 0 0 0 0 0 0 0 0 0 0 0 0 0 0 0 0 0 0 0 0 0 0 0 0 0 0 0 0 0 0 0 0 0 0 0 0 0 0 0 0 0 0 0 0 0 0 0 0 0 0 0 0 0 0 0 0 0 0 0 0 0 0 0 0 0 0 0 0 0 0 0 0 0 0 0 0 0 0 0 0 0 0 0 0 0 0 0 0 0 0 0 0 0 0 0 0 0 0 0 0 0 0 0 0 0 0 0 0 0 0 0 0 0 0 0 0 0 0
0 0 0 35 31 32 191 225 55 191 225 55 191 225 55 117 186 44 117 186 44 117 186 44 35 31 32 117 186 44 117 186 44 35 31 32 117 186 44 117 186 44 117 186 44 191 225 55 35 31 32 0 0 0 0 0 0 0 0 0 0 0 0 0 0 0 0 0 0 0 0 0 0 0 0 0 0 0 0 0 0 0 0 0 0 0 0 0 0 0 0 0 0 0 0 0 0 0 0 0 0 0 0 0 0 0 0 0 0 0 0 0 0 0 0 0 0 0 0 0 0 0 0 0 0 0 0 0 0 0 0 0 0 0 0 0 0 0 0 0 0 0 0 0 0 0 0 0 0 0 0 0 0 0 0 0 0 0 0 0 0 0 0 0 0 0 0 0 0 0 0
35 31 32 191 225 55 117 186 44 117 186 44 117 186 44 117 186 44 117 186 44 117 186 44 35 31 32 117 186 44 117 186 44 35 31 32 117 186 44 117 186 44 117 186 44 117 186 44 35 31 32 0 0 0 0 0 0 0 0 0 0 0 0 0 0 0 0 0 0 0 0 0 0 0 0 0 0 0 0 0 0 0 0 0 0 0 0 0 0 0 0 0 0 0 0 0 0 0 0 0 0 0 0 0 0 0 0 0 0 0 0 0 0 0 0 0 0 0 0 0 0 0 0 0 0 0 0 0 0 0 0 0 0 0 0 0 0 0 0 0 0 0 0 0 0 0 0 0 0 0 0 0 0 0 0 0 0 0 0 0 0 0 0 0 0 0 0 0 0 0 0
35 31 32 117 186 44 35 31 32 117 186 44 35 31 32 117 186 44 117 186 44 191 225 55 191 225 55 117 186 44 117 186 44 191 225 55 191 225 55 117 186 44 117 186 44 117 186 44 191 225 55 35 31 32 0 0 0 0 0 0 0 0 0 0 0 0 0 0 0 0 0 0 0 0 0 0 0 0 0 0 0 0 0 0 0 0 0 0 0 0 0 0 0 0 0 0 0 0 0 0 0 0 0 0 0 0 0 0 0 0 0 0 0 0 0 0 0 0 0 0 0 0 0 0 0 0 0 0 0 0 0 0 0 0 0 0 0 0 0 0 0 0 0 0 0 0 0 0 0 0 0 0 0 0 0 0 0 0 0 0 0 0 0 0 0 0 0 0 0 0 0
35 31 32 117 186 44 117 186 44 117 186 44 117 186 44 117 186 44 117 186 44 117 186 44 117 186 44 117 186 44 117 186 44 117 186 44 117 186 44 117 186 44 117 186 44 117 186 44 117 186 44 35 31 32 0 0 0 0 0 0 0 0 0 0 0 0 0 0 0 0 0 0 0 0 0 0 0 0 0 0 0 0 0 0 0 0 0 0 0 0 0 0 0 0 0 0 0 0 0 0 0 0 0 0 0 0 0 0 0 0 0 0 0 0 0 0 0 0 0 0 0 0 0 0 0 0 0 0 0 0 0 0 0 0 0 0 0 0 0 0 0 0 0 0 0 0 0 0 0 0 0 0 0 0 0 0 0 0 0 0 0 0 0 0 0 0 0 0 0 0 0
35 31 32 117 186 44 117 186 44 117 186 44 117 186 44 117 186 44 117 186 44 117 186 44 117 186 44 117 186 44 117 186 44 117 186 44 117 186 44 117 186 44 117 186 44 76 146 41 117 186 44 35 31 32 0 0 0 0 0 0 0 0 0 0 0 0 0 0 0 0 0 0 0 0 0 0 0 0 0 0 0 0 0 0 0 0 0 0 0 0 0 0 0 0 0 0 0 0 0 0 0 0 0 0 0 0 0 0 0 0 0 0 0 0 0 0 0 0 0 0 0 0 0 0 0 0 0 0 0 0 0 0 0 0 0 0 0 0 0 0 0 0 0 0 0 0 0 0 0 0 0 0 0 0 0 0 0 0 0 0 0 0 0 0 0 0 0 0 0 0 0
35 31 32 117 186 44 117 186 44 117 186 44 117 186 44 117 186 44 117 186 44 117 186 44 117 186 44 117 186 44 117 186 44 117 186 44 76 146 41 76 146 41 117 186 44 117 186 44 117 186 44 35 31 32 0 0 0 0 0 0 0 0 0 0 0 0 0 0 0 0 0 0 0 0 0 0 0 0 0 0 0 0 0 0 0 0 0 0 0 0 0 0 0 0 0 0 0 0 0 0 0 0 0 0 0 0 0 0 0 0 0 0 0 0 0 0 0 0 0 0 0 0 0 0 0 0 0 0 0 0 0 0 0 0 0 0 0 0 0 0 0 0 0 0 0 0 0 0 0 0 0 0 0 0 0 0 0 0 0 0 0 0 0 0 0 0 0 0 0 0 0
35 31 32 76 146 41 76 146 41 76 146 41 76 146 41 76 146 41 76 146 41 76 146 41 76 146 41 76 146 41 76 146 41 76 146 41 35 31 32 76 146 41 117 186 44 117 186 44 117 186 44 35 31 32 0 0 0 0 0 0 0 0 0 0 0 0 0 0 0 0 0 0 0 0 0 0 0 0 0 0 0 0 0 0 0 0 0 0 0 0 0 0 0 0 0 0 0 0 0 0 0 0 0 0 0 0 0 0 0 0 0 0 0 0 0 0 0 0 0 0 0 0 0 0 0 0 0 0 0 0 0 0 0 0 0 0 0 0 0 0 0 0 0 0 0 0 0 0 0 0 0 0 0 0 0 0 0 0 0 0 0 0 0 0 0 0 0 0 0 0 0
0 0 0 35 31 32 35 31 32 35 31 32 35 31 32 35 31 32 35 31 32 35 31 32 35 31 32 35 31 32 35 31 32 35 31 32 76 146 41 117 186 44 117 186 44 117 186 44 117 186 44 35 31 32 0 0 0 0 0 0 0 0 0 0 0 0 0 0 0 0 0 0 0 0 0 0 0 0 0 0 0 0 0 0 0 0 0 0 0 0 0 0 0 0 0 0 0 0 0 0 0 0 0 0 0 0 0 0 0 0 0 0 0 0 0 0 0 0 0 0 0 0 0 0 0 0 0 0 0 0 0 0 0 0 0 0 0 0 0 0 0 0 0 0 0 0 0 0 0 0 0 0 0 0 0 0 0 0 0 0 0 0 0 0 0 0 0 0 0 0 0
0 0 0 0 0 0 35 31 32 76 146 41 76 146 41 76 146 41 76 146 41 76 146 41 76 146 41 76 146 41 76 146 41 76 146 41 76 146 41 76 146 41 35 31 32 117 186 44 117 186 44 35 31 32 0 0 0 0 0 0 0 0 0 0 0 0 0 0 0 0 0 0 0 0 0 0 0 0 0 0 0 0 0 0 0 0 0 0 0 0 0 0 0 0 0 0 0 0 0 0 0 0 0 0 0 0 0 0 0 0 0 0 0 0 0 0 0 0 0 0 0 0 0 0 0 0 0 0 0 0 0 0 0 0 0 0 0 0 0 0 0 0 0 0 0 0 0 0 0 0 0 0 0 0 0 0 0 0 0 0 0 0 0 0 0 0 0 0 0 0 0
0 0 0 0 0 0 0 0 0 35 31 32 35 31 32 35 31 32 35 31 32 35 31 32 35 31 32 35 31 32 35 31 32 35 31 32 35 31 32 35 31 32 76 146 41 117 186 44 117 186 44 35 31 32 0 0 0 0 0 0 0 0 0 0 0 0 0 0 0 0 0 0 0 0 0 0 0 0 0 0 0 0 0 0 0 0 0 0 0 0 0 0 0 0 0 0 0 0 0 0 0 0 0 0 0 0 0 0 0 0 0 0 0 0 0 0 0 0 0 0 0 0 0 0 0 0 0 0 0 0 0 0 0 0 0 0 0 0 0 0 0 0 0 0 0 0 0 0 0 0 0 0 0 0 0 0 0 0 0 0 0 0 0 0 0 0 0 0 0 0 0
0 0 0 0 0 0 0 0 0 0 0 0 0 0 0 0 0 0 0 0 0 0 0 0 0 0 0 0 0 0 0 0 0 35 31 32 203 110 19 35 31 32 117 186 44 117 186 44 117 186 44 35 31 32 0 0 0 0 0 0 0 0 0 0 0 0 0 0 0 0 0 0 0 0 0 0 0 0 0 0 0 0 0 0 0 0 0 0 0 0 0 0 0 0 0 0 0 0 0 0 0 0 0 0 0 0 0 0 0 0 0 0 0 0 0 0 0 0 0 0 0 0 0 0 0 0 0 0 0 0 0 0 0 0 0 0 0 0 0 0 0 0 0 0 0 0 0 0 0 0 0 0 0 0 0 0 0 0 0 0 0 0 0 0 0 0 0 0 0 0 0
0 0 0 0 0 0 0 0 0 0 0 0 0 0 0 0 0 0 0 0 0 0 0 0 0 0 0 0 0 0 0 0 0 35 31 32 248 161 19 35 31 32 76 146 41 117 186 44 117 186 44 35 31 32 0 0 0 0 0 0 0 0 0 0 0 0 0 0 0 0 0 0 0 0 0 0 0 0 0 0 0 0 0 0 0 0 0 0 0 0 0 0 0 0 0 0 0 0 0 0 0 0 0 0 0 0 0 0 0 0 0 0 0 0 0 0 0 0 0 0 0 0 0 0 0 0 0 0 0 0 0 0 0 0 0 0 0 0 0 0 0 0 0 0 0 0 0 0 0 0 0 0 0 0 0 0 0 0 0 0 0 0 0 0 0 0 0 0 0 0 0
0 0 0 0 0 0 0 0 0 0 0 0 0 0 0 0 0 0 0 0 0 0 0 0 0 0 0 0 0 0 0 0 0 35 31 32 248 161 19 35 31 32 117 186 44 117 186 44 117 186 44 35 31 32 0 0 0 0 0 0 0 0 0 0 0 0 0 0 0 0 0 0 0 0 0 0 0 0 0 0 0 0 0 0 0 0 0 0 0 0 0 0 0 0 0 0 0 0 0 0 0 0 0 0 0 0 0 0 0 0 0 0 0 0 0 0 0 0 0 0 0 0 0 0 0 0 0 0 0 0 0 0 0 0 0 0 0 0 0 0 0 0 0 0 0 0 0 0 0 0 0 0 0 0 0 0 0 0 0 0 0 0 0 0 0 0 0 0 0 0 0
0 0 0 0 0 0 0 0 0 0 0 0 0 0 0 0 0 0 0 0 0 0 0 0 0 0 0 0 0 0 35 31 32 248 161 19 248 161 19 35 31 32 117 186 44 117 186 44 76 146 41 35 31 32 0 0 0 0 0 0 0 0 0 0 0 0 0 0 0 0 0 0 0 0 0 0 0 0 0 0 0 0 0 0 0 0 0 0 0 0 0 0 0 0 0 0 0 0 0 0 0 0 0 0 0 0 0 0 0 0 0 0 0 0 0 0 0 0 0 0 0 0 0 0 0 0 0 0 0 0 0 0 0 0 0 0 0 0 0 0 0 0 0 0 0 0 0 0 0 0 0 0 0 0 0 0 0 0 0 0 0 0 0 0 0 0 0 0 0 0 0
0 0 0 0 0 0 0 0 0 0 0 0 0 0 0 0 0 0 0 0 0 0 0 0 0 0 0 0 0 0 35 31 32 248 161 19 35 31 32 76 146 41 117 186 44 3 162 112 35 31 32 0 0 0 0 0 0 0 0 0 0 0 0 0 0 0 0 0 0 0 0 0 0 0 0 0 0 0 0 0 0 0 0 0 0 0 0 0 0 0 0 0 0 0 0 0 0 0 0 0 0 0 0 0 0 0 0 0 0 0 0 0 0 0 0 0 0 0 0 0 0 0 0 0 0 0 0 0 0 0 0 0 0 0 0 0 0 0 0 0 0 0 0 0 0 0 0 0 0 0 0 0 0 0 0 0 0 0 0 0 0 0 0 0 0 0 0 0 0 0 0
0 0 0 0 0 0 0 0 0 0 0 0 0 0 0 0 0 0 0 0 0 0 0 0 0 0 0 0 0 0 35 31 32 248 161 19 35 31 32 117 186 44 3 162 112 3 162 112 35 31 32 0 0 0 0 0 0 0 0 0 0 0 0 0 0 0 0 0 0 0 0 0 0 0 0 0 0 0 0 0 0 0 0 0 0 0 0 0 0 0 0 0 0 0 0 0 0 0 0 0 0 0 0 0 0 0 0 0 0 0 0 0 0 0 0 0 0 0 0 0 0 0 0 0 0 0 0 0 0 0 0 0 0 0 0 0 0 0 0 0 0 0 0 0 0 0 0 0 0 0 0 0 0 0 0 0 0 0 0 0 0 0 0 0 0 0 0 0 0 0 0
0 0 0 0 0 0 0 0 0 0 0 0 0 0 0 0 0 0 0 0 0 0 0 0 0 0 0 0 0 0 35 31 32 248 161 19 35 31 32 117 186 44 3 162 112 3 162 112 35 31 32 0 0 0 0 0 0 0 0 0 0 0 0 0 0 0 0 0 0 0 0 0 0 0 0 0 0 0 0 0 0 0 0 0 0 0 0 0 0 0 0 0 0 0 0 0 0 0 0 0 0 0 0 0 0 0 0 0 0 0 0 0 0 0 0 0 0 0 0 0 0 0 0 0 0 0 0 0 0 0 0 0 0 0 0 0 0 0 0 0 0 0 0 0 0 0 0 0 0 0 0 0 0 0 0 0 0 0 0 0 0 0 0 0 0 0 0 0 0 0 0
0 0 0 0 0 0 0 0 0 0 0 0 0 0 0 0 0 0 0 0 0 0 0 0 0 0 0 35 31 32 248 161 19 248 161 19 35 31 32 117 186 44 3 162 112 35 31 32 0 0 0 0 0 0 0 0 0 0 0 0 0 0 0 0 0 0 0 0 0 0 0 0 0 0 0 0 0 0 0 0 0 0 0 0 0 0 0 0 0 0 0 0 0 0 0 0 0 0 0 0 0 0 0 0 0 0 0 0 0 0 0 0 0 0 0 0 0 0 0 0 0 0 0 0 0 0 0 0 0 0 0 0 0 0 0 0 0 0 0 0 0 0 0 0 0 0 0 0 0 0 0 0 0 0 0 0 0 0 0 0 0 0 0 0 0 0 0 0 0 0 0
0 0 0 0 0 0 0 0 0 0 0 0 0 0 0 0 0 0 0 0 0 0 0 0 0 0 0 35 31 32 248 161 19 35 31 32 76 146 41 117 186 44 117 186 44 35 31 32 0 0 0 0 0 0 0 0 0 0 0 0 0 0 0 0 0 0 0 0 0 0 0 0 0 0 0 0 0 0 0 0 0 0 0 0 0 0 0 0 0 0 0 0 0 0 0 0 0 0 0 0 0 0 0 0 0 0 0 0 0 0 0 0 0 0 0 0 0 0 0 0 0 0 0 0 0 0 0 0 0 0 0 0 0 0 0 0 0 0 0 0 0 0 0 0 0 0 0 0 0 0 0 0 0 0 0 0 0 0 0 0 0 0 0 0 0 0 0 0 0 0 0
0 0 0 0 0 0 0 0 0 0 0 0 0 0 0 0 0 0 0 0 0 0 0 0 0 0 0 35 31 32 248 161 19 35 31 32 117 186 44 117 186 44 117 186 44 35 31 32 0 0 0 0 0 0 0 0 0 0 0 0 0 0 0 0 0 0 0 0 0 0 0 0 0 0 0 0 0 0 0 0 0 0 0 0 35 31 32 35 31 32 35 31 32 35 31 32 35 31 32 35 31 32 35 31 32 0 0 0 0 0 0 0 0 0 0 0 0 0 0 0 0 0 0 0 0 0 0 0 0 0 0 0 0 0 0 0 0 0 0 0 0 0 0 0 0 0 0 0 0 0 0 0 0 0 0 0 0 0 0 0 0 0 0 0 0 0 0 0 0 0 0
0 0 0 0 0 0 0 0 0 0 0 0 0 0 0 0 0 0 0 0 0 0 0 0 0 0 0 35 31 32 248 161 19 35 31 32 3 162 112 117 186 44 117 186 44 35 31 32 0 0 0 0 0 0 0 0 0 0 0 0 0 0 0 0 0 0 0 0 0 0 0 0 0 0 0 0 0 0 35 31 32 35 31 32 191 225 55 102 200 117 102 200 117 102 200 117 102 200 117 191 225 55 191 225 55 35 31 32 35 31 32 0 0 0 0 0 0 0 0 0 0 0 0 0 0 0 0 0 0 0 0 0 0 0 0 0 0 0 0 0 0 0 0 0 0 0 0 0 0 0 0 0 0 0 0 0 0 0 0 0 0 0 0 0 0 0 0 0 0 0 0
0 0 0 0 0 0 0 0 0 0 0 0 0 0 0 0 0 0 0 0 0 0 0 0 0 0 0 35 31 32 248 161 19 35 31 32 3 162 112 3 162 112 117 186 44 35 31 32 0 0 0 0 0 0 0 0 0 0 0 0 0 0 0 0 0 0 0 0 0 0 0 0 35 31 32 35 31 32 191 225 55 191 225 55 117 186 44 3 162 112 3 162 112 3 162 112 3 162 112 3 162 112 117 186 44 191 225 55 191 225 55 35 31 32 0 0 0 0 0 0 0 0 0 0 0 0 0 0 0 0 0 0 0 0 0 0 0 0 0 0 0 0 0 0 0 0 0 0 0 0 0 0 0 0 0 0 0 0 0 0 0 0 0 0 0 0 0 0 0 0 0
0 0 0 0 0 0 0 0 0 0 0 0 0 0 0 0 0 0 0 0 0 0 0 0 0 0 0 35 31 32 248 161 19 35 31 32 3 162 112 3 162 112 117 186 44 76 146 41 35 31 32 0 0 0 0 0 0 0 0 0 0 0 0 0 0 0 35 31 32 35 31 32 191 225 55 191 225 55 117 186 44 117 186 44 3 162 112 3 162 112 3 162 112 3 162 112 3 162 112 3 162 112 3 162 112 117 186 44 117 186 44 191 225 55 35 31 32 35 31 32 0 0 0 0 0 0 0 0 0 0 0 0 0 0 0 0 0 0 0 0 0 0 0 0 0 0 0 0 0 0 0 0 0 0 0 0 0 0 0 0 0 0 0 0 0 0 0 0 0 0 0
0 0 0 0 0 0 0 0 0 0 0 0 0 0 0 0 0 0 0 0 0 0 0 0 0 0 0 35 31 32 248 161 19 35 31 32 3 162 112 117 186 44 117 186 44 117 186 44 35 31 32 0 0 0 0 0 0 0 0 0 0 0 0 35 31 32 102 200 117 102 200 117 117 186 44 117 186 44 117 186 44 3 162 112 3 162 112 3 162 112 2 127 87 3 162 112 3 162 112 3 162 112 3 162 112 117 186 44 117 186 44 117 186 44 191 225 55 191 225 55 35 31 32 0 0 0 0 0 0 0 0 0 0 0 0 0 0 0 0 0 0 0 0 0 0 0 0 0 0 0 0 0 0 0 0 0 0 0 0 0 0 0 0 0 0 0 0 0 0 0 0
0 0 0 0 0 0 0 0 0 0 0 0 0 0 0 0 0 0 0 0 0 0 0 0 0 0 0 35 31 32 248 161 19 35 31 32 117 186 44 117 186 44 117 186 44 117 186 44 35 31 32 0 0 0 0 0 0 0 0 0 35 31 32 102 200 117 3 162 112 3 162 112 3 162 112 117 186 44 117 186 44 3 162 112 3 162 112 3 162 112 3 162 112 3 162 112 3 162 112 3 162 112 3 162 112 117 186 44 117 186 44 117 186 44 117 186 44 117 186 44 191 225 55 35 31 32 0 0 0 0 0 0 0 0 0 0 0 0 0 0 0 0 0 0 0 0 0 0 0 0 0 0 0 0 0 0 0 0 0 0 0 0 0 0 0 0 0 0 0 0 0
0 0 0 0 0 0 0 0 0 0 0 0 0 0 0 0 0 0 0 0 0 0 0 0 0 0 0 35 31 32 248 161 19 35 31 32 117 186 44 117 186 44 3 162 112 3 162 112 35 31 32 0 0 0 0 0 0 35 31 32 191 225 55 3 162 112 3 162 112 3 162 112 3 162 112 117 186 44 76 146 41 117 186 44 3 162 112 3 162 112 3 162 112 3 162 112 3 162 112 3 162 112 117 186 44 117 186 44 117 186 44 3 162 112 3 162 112 117 186 44 117 186 44 191 225 55 35 31 32 0 0 0 0 0 0 0 0 0 0 0 0 0 0 0 0 0 0 0 0 0 0 0 0 0 0 0 0 0 0 0 0 0 0 0 0 0 0 0 0 0 0
0 0 0 0 0 0 0 0 0 0 0 0 0 0 0 0 0 0 0 0 0 0 0 0 0 0 0 35 31 32 248 161 19 35 31 32 117 186 44 3 162 112 3 162 112 3 162 112 35 31 32 0 0 0 35 31 32 191 225 55 117 186 44 3 162 112 3 162 112 3 162 112 3 162 112 117 186 44 117 186 44 117 186 44 117 186 44 117 186 44 3 162 112 3 162 112 3 162 112 117 186 44 117 186 44 117 186 44 3 162 112 3 162 112 3 162 112 3 162 112 117 186 44 117 186 44 191 225 55 35 31 32 0 0 0 0 0 0 0 0 0 0 0 0 0 0 0 0 0 0 0 0 0 0 0 0 0 0 0 0 0 0 0 0 0 0 0 0 0 0 0
0 0 0 0 0 0 0 0 0 0 0 0 0 0 0 0 0 0 0 0 0 0 0 0 0 0 0 35 31 32 248 161 19 35 31 32 117 186 44 3 162 112 3 162 112 3 162 112 3 162 112 35 31 32 191 225 55 117 186 44 117 186 44 117 186 44 3 162 112 3 162 112 117 186 44 117 186 44 117 186 44 117 186 44 117 186 44 117 186 44 117 186 44 117 186 44 117 186 44 117 186 44 117 186 44 3 162 112 3 162 112 3 162 112 2 127 87 3 162 112 3 162 112 117 186 44 117 186 44 35 31 32 0 0 0 0 0 0 0 0 0 0 0 0 0 0 0 0 0 0 0 0 0 0 0 0 0 0 0 0 0 0 0 0 0 35 31 32 0 0 0
0 0 0 0 0 0 0 0 0 0 0 0 0 0 0 0 0 0 0 0 0 0 0 0 0 0 0 35 31 32 248 161 19 35 31 32 76 146 41 117 186 44 3 162 112 3 162 112 3 162 112 191 225 55 117 186 44 117 186 44 117 186 44 117 186 44 117 186 44 117 186 44 117 186 44 117 186 44 3 162 112 3 162 112 3 162 112 117 186 44 117 186 44 117 186 44 76 146 41 117 186 44 117 186 44 3 162 112 3 162 112 3 162 112 3 162 112 3 162 112 3 162 112 117 186 44 117 186 44 191 225 55 35 31 32 0 0 0 0 0 0 0 0 0 0 0 0 0 0 0 0 0 0 0 0 0 0 0 0 0 0 0 35 31 32 191 225 55 35 31 32
0 0 0 0 0 0 0 0 0 0 0 0 0 0 0 0 0 0 0 0 0 0 0 0 0 0 0 35 31 32 248 161 19 203 110 19 35 31 32 117 186 44 117 186 44 3 162 112 117 186 44 117 186 44 3 162 112 3 162 112 3 162 112 117 186 44 117 186 44 117 186 44 3 162 112 3 162 112 3 162 112 3 162 112 3 162 112 3 162 112 3 162 112 117 186 44 117 186 44 117 186 44 117 186 44 117 186 44 3 162 112 3 162 112 3 162 112 3 162 112 117 186 44 117 186 44 117 186 44 117 186 44 35 31 32 0 0 0 0 0 0 0 0 0 0 0 0 0 0 0 0 0 0 0 0 0 0 0 0 0 0 0 35 31 32 117 186 44 35 31 32
0 0 0 0 0 0 0 0 0 0 0 0 0 0 0 0 0 0 0 0 0 0 0 0 0 0 0 0 0 0 35 31 32 203 110 19 35 31 32 117 186 44 117 186 44 117 186 44 117 186 44 3 162 112 3 162 112 3 162 112 3 162 112 3 162 112 117 186 44 117 186 44 3 162 112 3 162 112 3 162 112 3 162 112 3 162 112 3 162 112 3 162 112 117 186 44 117 186 44 117 186 44 117 186 44 117 186 44 117 186 44 3 162 112 3 162 112 117 186 44 117 186 44 117 186 44 117 186 44 3 162 112 102 200 117 35 31 32 0 0 0 0 0 0 0 0 0 0 0 0 0 0 0 0 0 0 0 0 0 35 31 32 102 200 117 117 186 44 35 31 32
0 0 0 0 0 0 0 0 0 0 0 0 0 0 0 0 0 0 0 0 0 0 0 0 0 0 0 0 0 0 35 31 32 203 110 19 35 31 32 76 146 41 117 186 44 117 186 44 117 186 44 3 162 112 3 162 112 3 162 112 3 162 112 3 162 112 117 186 44 117 186 44 117 186 44 3 162 112 3 162 112 3 162 112 3 162 112 3 162 112 3 162 112 117 186 44 117 186 44 117 186 44 117 186 44 117 186 44 117 186 44 117 186 44 117 186 44 117 186 44 117 186 44 117 186 44 117 186 44 3 162 112 3 162 112 35 31 32 0 0 0 0 0 0 0 0 0 0 0 0 0 0 0 35 31 32 35 31 32 102 200 117 3 162 112 117 186 44 35 31 32
0 0 0 0 0 0 0 0 0 0 0 0 0 0 0 0 0 0 0 0 0 0 0 0 0 0 0 0 0 0 35 31 32 203 110 19 159 72 16 35 31 32 117 186 44 117 186 44 117 186 44 117 186 44 3 162 112 3 162 112 3 162 112 117 186 44 117 186 44 76 146 41 117 186 44 117 186 44 3 162 112 3 162 112 3 162 112 3 162 112 117 186 44 117 186 44 117 186 44 35 31 32 191 225 55 117 186 44 117 186 44 117 186 44 117 186 44 117 186 44 117 186 44 117 186 44 117 186 44 117 186 44 3 162 112 102 200 117 35 31 32 35 31 32 35 31 32 35 31 32 35 31 32 191 225 55 191 225 55 3 162 112 117 186 44 117 186 44 35 31 32
0 0 0 0 0 0 0 0 0 0 0 0 0 0 0 0 0 0 0 0 0 0 0 0 0 0 0 0 0 0 0 0 0 35 31 32 203 110 19 35 31 32 117 186 44 117 186 44 76 146 41 117 186 44 117 186 44 117 186 44 117 186 44 117 186 44 117 186 44 117 186 44 117 186 44 117 186 44 117 186 44 117 186 44 117 186 44 117 186 44 117 186 44 117 186 44 35 31 32 191 225 55 117 186 44 117 186 44 117 186 44 117 186 44 117 186 44 117 186 44 76 146 41 35 31 32 117 186 44 117 186 44 117 186 44 117 186 44 191 225 55 102 200 117 102 200 117 102 200 117 102 200 117 117 186 44 117 186 44 117 186 44 117 186 44 117 186 44 35 31 32
0 0 0 0 0 0 0 0 0 0 0 0 0 0 0 0 0 0 0 0 0 0 0 0 0 0 0 0 0 0 0 0 0 35 31 32 203 110 19 35 31 32 76 146 41 117 186 44 117 186 44 117 186 44 117 186 44 117 186 44 117 186 44 117 186 44 117 186 44 117 186 44 117 186 44 117 186 44 117 186 44 117 186 44 117 186 44 117 186 44 117 186 44 36 33 32 191 225 55 117 186 44 117 186 44 76 146 41 117 186 44 117 186 44 117 186 44 117 186 44 117 186 44 76 146 41 35 31 32 117 186 44 117 186 44 117 186 44 117 186 44 3 162 112 3 162 112 3 162 112 3 162 112 117 186 44 76 146 41 117 186 44 117 186 44 76 146 41 35 31 32
0 0 0 0 0 0 0 0 0 0 0 0 0 0 0 0 0 0 0 0 0 0 0 0 0 0 0 0 0 0 0 0 0 35 31 32 203 110 19 159 72 16 35 31 32 117 186 44 117 186 44 117 186 44 117 186 44 117 186 44 117 186 44 117 186 44 117 186 44 117 186 44 117 186 44 76 146 41 117 186 44 117 186 44 117 186 44 117 186 44 117 186 44 35 31 32 117 186 44 117 186 44 117 186 44 117 186 44 117 186 44 117 186 44 117 186 44 117 186 44 117 186 44 76 146 41 35 31 32 117 186 44 117 186 44 117 186 44 117 186 44 117 186 44 3 162 112 3 162 112 117 186 44 117 186 44 117 186 44 76 146 41 35 31 32 35 31 32 0 0 0
0 0 0 0 0 0 0 0 0 0 0 0 0 0 0 0 0 0 0 0 0 0 0 0 0 0 0 0 0 0 0 0 0 0 0 0 35 31 32 203 110 19 35 31 32 76 146 41 117 186 44 117 186 44 35 31 32 117 186 44 76 146 41 117 186 44 117 186 44 117 186 44 76 146 41 35 31 32 117 186 44 117 186 44 117 186 44 117 186 44 117 186 44 35 31 32 76 146 41 117 186 44 117 186 44 117 186 44 117 186 44 117 186 44 117 186 44 76 146 41 117 186 44 76 146 41 35 31 32 117 186 44 117 186 44 117 186 44 76 146 41 117 186 44 117 186 44 117 186 44 117 186 44 76 146 41 76 146 41 35 31 32 203 110 19 35 31 32 0 0 0
0 0 0 0 0 0 0 0 0 0 0 0 0 0 0 0 0 0 0 0 0 0 0 0 0 0 0 0 0 0 0 0 0 0 0 0 35 31 32 203 110 19 159 72 16 35 31 32 35 31 32 76 146 41 35 31 32 117 186 44 117 186 44 117 186 44 117 186 44 117 186 44 76 146 41 35 31 32 117 186 44 117 186 44 117 186 44 117 186 44 117 186 44 35 31 32 117 186 44 117 186 44 117 186 44 117 186 44 76 146 41 117 186 44 117 186 44 117 186 44 117 186 44 76 146 41 35 31 32 76 146 41 117 186 44 117 186 44 117 186 44 117 186 44 117 186 44 76 146 41 76 146 41 35 31 32 35 31 32 203 110 19 35 31 32 0 0 0 0 0 0
0 0 0 0 0 0 0 0 0 0 0 0 0 0 0 0 0 0 0 0 0 0 0 0 0 0 0 0 0 0 0 0 0 0 0 0 0 0 0 35 31 32 203 110 19 203 110 19 159 72 16 35 31 32 35 31 32 117 186 44 117 186 44 117 186 44 76 146 41 117 186 44 76 146 41 35 31 32 76 146 41 76 146 41 76 146 41 76 146 41 76 146 41 35 31 32 76 146 41 117 186 44 117 186 44 117 186 44 117 186 44 117 186 44 117 186 44 117 186 44 117 186 44 76 146 41 35 31 32 76 146 41 76 146 41 76 146 41 76 146 41 76 146 41 76 146 41 35 31 32 35 31 32 159 72 16 203 110 19 35 31 32 0 0 0 0 0 0 0 0 0
0 0 0 0 0 0 0 0 0 0 0 0 0 0 0 0 0 0 0 0 0 0 0 0 0 0 0 0 0 0 0 0 0 0 0 0 0 0 0 0 0 0 35 31 32 35 31 32 203 110 19 159 72 16 35 31 32 76 146 41 117 186 44 117 186 44 117 186 44 117 186 44 117 186 44 76 146 41 35 31 32 76 146 41 76 146 41 76 146 41 76 146 41 76 146 41 35 31 32 76 146 41 117 186 44 117 186 44 117 186 44 117 186 44 117 186 44 117 186 44 76 146 41 35 31 32 76 146 41 76 146 41 76 146 41 76 146 41 35 31 32 35 31 32 35 31 32 159 72 16 203 110 19 203 110 19 35 31 32 0 0 0 0 0 0 0 0 0 0 0 0
0 0 0 0 0 0 0 0 0 0 0 0 0 0 0 0 0 0 0 0 0 0 0 0 0 0 0 0 0 0 0 0 0 0 0 0 0 0 0 0 0 0 0 0 0 0 0 0 35 31 32 35 31 32 159 72 16 35 31 32 117 186 44 117 186 44 117 186 44 117 186 44 117 186 44 76 146 41 35 31 32 35 31 32 35 31 32 35 31 32 35 31 32 35 31 32 35 31 32 35 31 32 76 146 41 117 186 44 117 186 44 117 186 44 117 186 44 117 186 44 76 146 41 35 31 32 35 31 32 35 31 32 35 31 32 35 31 32 159 72 16 203 110 19 203 110 19 203 110 19 35 31 32 35 31 32 0 0 0 0 0 0 0 0 0 0 0 0 0 0 0
0 0 0 0 0 0 0 0 0 0 0 0 0 0 0 0 0 0 0 0 0 0 0 0 0 0 0 0 0 0 0 0 0 0 0 0 0 0 0 0 0 0 0 0 0 0 0 0 35 31 32 76 146 41 35 31 32 35 31 32 117 186 44 117 186 44 117 186 44 117 186 44 117 186 44 76 146 41 35 31 32 132 59 13 159 72 16 159 72 16 159 72 16 159 72 16 132 59 13 35 31 32 76 146 41 117 186 44 76 146 41 117 186 44 117 186 44 117 186 44 76 146 41 35 31 32 159 72 16 159 72 16 203 110 19 203 110 19 203 110 19 35 31 32 35 31 32 35 31 32 0 0 0 0 0 0 0 0 0 0 0 0 0 0 0 0 0 0 0 0 0
0 0 0 0 0 0 0 0 0 0 0 0 0 0 0 0 0 0 0 0 0 0 0 0 0 0 0 0 0 0 0 0 0 0 0 0 0 0 0 0 0 0 0 0 0 0 0 0 35 31 32 117 186 44 76 146 41 35 31 32 117 186 44 117 186 44 117 186 44 117 186 44 117 186 44 76 146 41 35 31 32 35 31 32 35 31 32 35 31 32 35 31 32 35 31 32 35 31 32 35 31 32 35 31 32 117 186 44 117 186 44 117 186 44 117 186 44 117 186 44 76 146 41 76 146 41 35 31 32 35 31 32 35 31 32 35 31 32 35 31 32 0 0 0 0 0 0 0 0 0 0 0 0 0 0 0 0 0 0 0 0 0 0 0 0 0 0 0 0 0 0
0 0 0 0 0 0 0 0 0 0 0 0 0 0 0 0 0 0 0 0 0 0 0 0 0 0 0 0 0 0 0 0 0 0 0 0 0 0 0 0 0 0 0 0 0 0 0 0 35 31 32 200 196 195 76 146 41 35 31 32 255 255 255 76 146 41 255 255 255 76 146 41 255 255 255 76 146 41 35 31 32 0 0 0 0 0 0 0 0 0 0 0 0 35 31 32 200 196 195 76 146 41 35 31 32 255 255 255 76 146 41 255 255 255 76 146 41 255 255 255 76 146 41 76 146 41 35 31 32 0 0 0 0 0 0 0 0 0 0 0 0 0 0 0 0 0 0 0 0 0 0 0 0 0 0 0 0 0 0 0 0 0 0 0 0 0 0 0 0 0 0
0 0 0 0 0 0 0 0 0 0 0 0 0 0 0 0 0 0 0 0 0 0 0 0 0 0 0 0 0 0 0 0 0 0 0 0 0 0 0 0 0 0 0 0 0 0 0 0 35 31 32 35 31 32 35 31 32 35 31 32 35 31 32 35 31 32 35 31 32 35 31 32 35 31 32 35 31 32 35 31 32 0 0 0 0 0 0 0 0 0 0 0 0 35 31 32 35 31 32 35 31 32 35 31 32 35 31 32 35 31 32 35 31 32 35 31 32 35 31 32 35 31 32 35 31 32 35 31 32 0 0 0 0 0 0 0 0 0 0 0 0 0 0 0 0 0 0 0 0 0 0 0 0 0 0 0 0 0 0 0 0 0 0 0 0 0 0 0 0 0 0
