0 0 0 0 0 0 0 0 0 0 0 0 0 0 0 0 0 0 0 0 0 0 0 0 0 0 0 0 0 0 68 68 67 68 68 67 0 0 0 0 0 0 0 0 0 0 0 0 0 0 0 0 0 0 0 0 0 0 0 0 0 0 0 0 0 0 0 0 0 0 0 0 0 0 0 0 0 0 0 0 0 0 0 0 0 0 0 0 0 0
0 0 0 0 0 0 0 0 0 0 0 0 0 0 0 0 0 0 0 0 0 0 0 0 0 0 0 68 68 67 81 81 81 0 0 0 68 68 67 68 68 67 0 0 0 0 0 0 0 0 0 0 0 0 0 0 0 0 0 0 0 0 0 0 0 0 0 0 0 0 0 0 0 0 0 0 0 0 68 68 67 68 68 67 68 68 67 0 0 0
0 0 0 0 0 0 0 0 0 0 0 0 0 0 0 0 0 0 0 0 0 0 0 0 0 0 0 68 68 67 81 81 81 0 0 0 0 0 0 0 0 0 68 68 67 68 68 67 0 0 0 0 0 0 0 0 0 0 0 0 0 0 0 0 0 0 0 0 0 0 0 0 68 68 67 68 68 67 0 0 0 0 0 0 68 68 67 0 0 0
0 0 0 0 0 0 0 0 0 0 0 0 0 0 0 0 0 0 0 0 0 0 0 0 0 0 0 68 68 67 255 163 163 81 81 81 0 0 0 0 0 0 0 0 0 81 81 81 68 68 67 68 68 67 68 68 67 68 68 67 68 68 67 68 68 67 68 68 67 68 68 67 0 0 0 0 0 0 0 0 0 0 0 0 81 81 81 68 68 67
0 0 0 0 0 0 0 0 0 0 0 0 0 0 0 0 0 0 0 0 0 0 0 0 0 0 0 68 68 67 255 163 163 81 81 81 0 0 0 0 0 0 81 81 81 168 163 163 168 163 163 168 163 163 168 163 163 168 163 163 168 163 163 168 163 163 81 81 81 0 0 0 0 0 0 0 0 0 0 0 0 81 81 81 255 163 163 68 68 67
0 0 0 0 0 0 0 0 0 0 0 0 0 0 0 0 0 0 0 0 0 0 0 0 0 0 0 68 68 67 255 163 163 81 81 81 81 81 81 81 81 81 0 0 0 0 0 0 0 0 0 0 0 0 0 0 0 0 0 0 0 0 0 0 0 0 168 163 163 81 81 81 0 0 0 0 0 0 0 0 0 81 81 81 255 163 163 68 68 67
0 0 0 0 0 0 0 0 0 0 0 0 0 0 0 0 0 0 0 0 0 0 0 0 0 0 0 68 68 67 81 81 81 0 0 0 0 0 0 0 0 0 0 0 0 0 0 0 0 0 0 0 0 0 0 0 0 0 0 0 0 0 0 0 0 0 0 0 0 168 163 163 168 163 163 0 0 0 81 81 81 255 163 163 255 163 163 68 68 67
0 0 0 0 0 0 0 0 0 0 0 0 0 0 0 0 0 0 0 0 0 0 0 0 0 0 0 68 68 67 81 81 81 0 0 0 0 0 0 0 0 0 0 0 0 0 0 0 0 0 0 0 0 0 0 0 0 0 0 0 0 0 0 0 0 0 0 0 0 0 0 0 0 0 0 168 163 163 81 81 81 255 163 163 255 163 163 68 68 67
0 0 0 0 0 0 0 0 0 0 0 0 0 0 0 0 0 0 0 0 0 0 0 0 0 0 0 68 68 67 168 163 163 30 30 29 30 30 29 0 0 0 0 0 0 0 0 0 0 0 0 0 0 0 0 0 0 0 0 0 0 0 0 0 0 0 0 0 0 0 0 0 0 0 0 0 0 0 168 163 163 81 81 81 255 163 163 68 68 67
0 0 0 0 0 0 0 0 0 0 0 0 0 0 0 0 0 0 0 0 0 0 0 0 68 68 67 255 163 163 255 163 163 0 0 0 0 0 0 30 30 29 30 30 29 0 0 0 0 0 0 0 0 0 0 0 0 30 30 29 30 30 29 30 30 29 0 0 0 0 0 0 0 0 0 0 0 0 0 0 0 168 163 163 81 81 81 68 68 67
0 0 0 0 0 0 0 0 0 0 0 0 0 0 0 0 0 0 0 0 0 0 0 0 68 68 67 168 163 163 168 163 163 0 0 0 0 0 0 0 0 0 0 0 0 0 0 0 0 0 0 0 0 0 0 0 0 0 0 0 0 0 0 0 0 0 30 30 29 30 30 29 0 0 0 0 0 0 255 163 163 255 163 163 168 163 163 68 68 67
0 0 0 0 0 0 0 0 0 0 0 0 0 0 0 0 0 0 68 68 67 68 68 67 81 81 81 168 163 163 168 163 163 0 0 0 0 0 0 0 0 0 0 0 0 0 0 0 30 30 29 0 0 0 0 0 0 0 0 0 0 0 0 0 0 0 0 0 0 0 0 0 0 0 0 255 163 163 255 163 163 255 163 163 168 163 163 68 68 67
0 0 0 0 0 0 0 0 0 0 0 0 0 0 0 68 68 67 0 0 0 0 0 0 81 81 81 168 163 163 168 163 163 0 0 0 0 0 0 0 0 0 30 30 29 30 30 29 0 0 0 30 30 29 30 30 29 0 0 0 0 0 0 0 0 0 0 0 0 0 0 0 0 0 0 0 0 0 0 0 0 0 0 0 168 163 163 68 68 67
0 0 0 0 0 0 0 0 0 0 0 0 0 0 0 0 0 0 68 68 67 0 0 0 0 0 0 81 81 81 168 163 163 168 163 163 0 0 0 0 0 0 0 0 0 0 0 0 0 0 0 0 0 0 0 0 0 0 0 0 0 0 0 68 68 67 68 68 67 0 0 0 0 0 0 0 0 0 0 0 0 0 0 0 168 163 163 68 68 67
0 0 0 0 0 0 0 0 0 0 0 0 0 0 0 0 0 0 68 68 67 0 0 0 0 0 0 0 0 0 0 0 0 168 163 163 168 163 163 0 0 0 0 0 0 0 0 0 0 0 0 0 0 0 0 0 0 0 0 0 68 68 67 0 0 0 0 0 0 68 68 67 0 0 0 0 0 0 0 0 0 0 0 0 168 163 163 68 68 67
0 0 0 0 0 0 0 0 0 0 0 0 0 0 0 0 0 0 0 0 0 68 68 67 0 0 0 0 0 0 0 0 0 0 0 0 0 0 0 0 0 0 0 0 0 0 0 0 0 0 0 0 0 0 0 0 0 0 0 0 68 68 67 168 163 163 168 163 163 0 0 0 68 68 67 0 0 0 0 0 0 0 0 0 168 163 163 68 68 67
0 0 0 0 0 0 0 0 0 0 0 0 0 0 0 0 0 0 0 0 0 68 68 67 168 163 163 0 0 0 0 0 0 0 0 0 0 0 0 0 0 0 0 0 0 0 0 0 0 0 0 0 0 0 0 0 0 0 0 0 0 0 0 68 68 67 168 163 163 0 0 0 0 0 0 0 0 0 0 0 0 0 0 0 68 68 67 0 0 0
0 0 0 0 0 0 0 0 0 0 0 0 0 0 0 0 0 0 0 0 0 68 68 67 168 163 163 0 0 0 0 0 0 0 0 0 0 0 0 0 0 0 0 0 0 0 0 0 0 0 0 0 0 0 0 0 0 0 0 0 0 0 0 168 163 163 168 163 163 0 0 0 0 0 0 0 0 0 0 0 0 0 0 0 68 68 67 0 0 0
0 0 0 0 0 0 0 0 0 0 0 0 0 0 0 0 0 0 0 0 0 68 68 67 168 163 163 0 0 0 0 0 0 0 0 0 0 0 0 0 0 0 0 0 0 0 0 0 0 0 0 0 0 0 0 0 0 0 0 0 0 0 0 168 163 163 168 163 163 0 0 0 0 0 0 0 0 0 0 0 0 0 0 0 68 68 67 0 0 0
0 0 0 0 0 0 0 0 0 0 0 0 0 0 0 0 0 0 0 0 0 68 68 67 168 163 163 0 0 0 0 0 0 0 0 0 0 0 0 0 0 0 0 0 0 0 0 0 0 0 0 0 0 0 0 0 0 0 0 0 0 0 0 168 163 163 0 0 0 0 0 0 0 0 0 0 0 0 0 0 0 0 0 0 68 68 67 0 0 0
0 0 0 0 0 0 0 0 0 0 0 0 0 0 0 0 0 0 68 68 67 168 163 163 168 163 163 0 0 0 0 0 0 0 0 0 0 0 0 0 0 0 0 0 0 0 0 0 0 0 0 0 0 0 0 0 0 0 0 0 0 0 0 0 0 0 0 0 0 0 0 0 0 0 0 0 0 0 0 0 0 0 0 0 68 68 67 0 0 0
0 0 0 0 0 0 0 0 0 0 0 0 0 0 0 68 68 67 168 163 163 168 163 163 0 0 0 0 0 0 0 0 0 0 0 0 0 0 0 0 0 0 0 0 0 0 0 0 0 0 0 0 0 0 0 0 0 0 0 0 0 0 0 0 0 0 0 0 0 0 0 0 0 0 0 0 0 0 0 0 0 0 0 0 68 68 67 0 0 0
0 0 0 0 0 0 68 68 67 68 68 67 68 68 67 168 163 163 0 0 0 0 0 0 0 0 0 0 0 0 0 0 0 0 0 0 0 0 0 0 0 0 0 0 0 0 0 0 0 0 0 0 0 0 0 0 0 0 0 0 0 0 0 0 0 0 0 0 0 0 0 0 0 0 0 0 0 0 0 0 0 0 0 0 68 68 67 0 0 0
0 0 0 0 0 0 68 68 67 0 0 0 0 0 0 0 0 0 0 0 0 0 0 0 0 0 0 0 0 0 0 0 0 0 0 0 0 0 0 0 0 0 0 0 0 0 0 0 0 0 0 0 0 0 0 0 0 0 0 0 0 0 0 0 0 0 0 0 0 0 0 0 0 0 0 0 0 0 0 0 0 0 0 0 68 68 67 0 0 0
0 0 0 0 0 0 0 0 0 68 68 67 0 0 0 0 0 0 0 0 0 0 0 0 0 0 0 0 0 0 0 0 0 0 0 0 0 0 0 0 0 0 0 0 0 0 0 0 0 0 0 0 0 0 0 0 0 0 0 0 0 0 0 0 0 0 0 0 0 0 0 0 0 0 0 0 0 0 0 0 0 0 0 0 68 68 67 0 0 0
0 0 0 0 0 0 0 0 0 0 0 0 68 68 67 0 0 0 0 0 0 0 0 0 0 0 0 0 0 0 0 0 0 0 0 0 0 0 0 0 0 0 0 0 0 0 0 0 0 0 0 0 0 0 0 0 0 0 0 0 0 0 0 0 0 0 0 0 0 0 0 0 0 0 0 0 0 0 0 0 0 168 163 163 68 68 67 0 0 0
0 0 0 68 68 67 68 68 67 0 0 0 0 0 0 68 68 67 0 0 0 0 0 0 0 0 0 0 0 0 0 0 0 0 0 0 0 0 0 0 0 0 0 0 0 0 0 0 0 0 0 0 0 0 68 68 67 0 0 0 0 0 0 0 0 0 0 0 0 0 0 0 0 0 0 0 0 0 168 163 163 168 163 163 68 68 67 0 0 0
68 68 67 0 0 0 0 0 0 68 68 67 0 0 0 0 0 0 68 68 67 0 0 0 0 0 0 0 0 0 0 0 0 0 0 0 0 0 0 0 0 0 0 0 0 0 0 0 0 0 0 68 68 67 0 0 0 68 68 67 0 0 0 0 0 0 0 0 0 0 0 0 0 0 0 0 0 0 168 163 163 68 68 67 0 0 0 0 0 0
68 68 67 0 0 0 0 0 0 0 0 0 68 68 67 0 0 0 0 0 0 68 68 67 68 68 67 0 0 0 0 0 0 0 0 0 0 0 0 0 0 0 0 0 0 0 0 0 0 0 0 68 68 67 0 0 0 0 0 0 68 68 67 0 0 0 0 0 0 0 0 0 0 0 0 168 163 163 168 163 163 68 68 67 0 0 0 0 0 0
0 0 0 68 68 67 0 0 0 0 0 0 0 0 0 68 68 67 68 68 67 168 163 163 168 163 163 68 68 67 68 68 67 0 0 0 0 0 0 0 0 0 0 0 0 0 0 0 0 0 0 68 68 67 0 0 0 0 0 0 0 0 0 0 0 0 0 0 0 0 0 0 168 163 163 168 163 163 168 163 163 68 68 67 0 0 0 0 0 0
0 0 0 0 0 0 68 68 67 0 0 0 0 0 0 0 0 0 0 0 0 168 163 163 168 163 163 168 163 163 168 163 163 68 68 67 68 68 67 0 0 0 0 0 0 0 0 0 0 0 0 0 0 0 0 0 0 0 0 0 0 0 0 0 0 0 0 0 0 168 163 163 168 163 163 168 163 163 68 68 67 0 0 0 0 0 0 0 0 0
0 0 0 0 0 0 0 0 0 68 68 67 68 68 67 68 68 67 0 0 0 0 0 0 0 0 0 168 163 163 68 68 67 68 68 67 68 68 67 68 68 67 68 68 67 68 68 67 168 163 163 168 163 163 168 163 163 168 163 163 168 163 163 168 163 163 168 163 163 168 163 163 168 163 163 68 68 67 0 0 0 0 0 0 0 0 0 0 0 0
0 0 0 0 0 0 0 0 0 0 0 0 0 0 0 0 0 0 68 68 67 68 68 67 68 68 67 68 68 67 0 0 0 0 0 0 0 0 0 0 0 0 0 0 0 0 0 0 68 68 67 68 68 67 68 68 67 68 68 67 68 68 67 68 68 67 68 68 67 68 68 67 68 68 67 0 0 0 0 0 0 0 0 0 0 0 0 0 0 0
