36 40 105 36 40 104 36 40 105 35 39 104 36 40 105 36 40 104 36 40 105 36 39 104 36 40 105 35 39 104 36 40 105 36 40 105 35 39 104 36 40 105 36 40 105 58 61 119 58 61 120 57 60 119 58 61 120 57 60 119 58 61 120 57 60 119 58 61 119 36 40 105 35 39 104 36 40 104 36 39 104 36 40 105 36 40 105 35 39 104 36 40 105 36 40 104
35 39 104 36 40 105 36 40 105 36 39 104 36 40 105 36 40 105 36 39 104 36 40 105 36 40 104 36 40 105 36 39 104 36 40 105 36 40 104 36 40 105 35 39 104 36 40 104 35 39 104 36 40 105 36 40 104 36 40 105 36 39 104 36 40 105 36 40 105 36 40 105 36 40 105 36 40 105 36 40 105 36 40 105 36 40 104 36 40 105 36 40 105 36 40 105
36 39 104 36 40 105 36 40 104 36 40 105 228 223 169 36 40 105 35 39 104 36 40 105 36 40 105 35 39 104 36 40 105 36 40 105 36 40 105 36 39 104 36 40 105 36 40 105 36 40 105 36 40 105 35 39 104 36 40 105 36 40 105 36 40 105 35 39 104 36 39 104 36 40 105 35 39 104 36 39 104 36 40 105 35 39 104 36 40 104 36 39 104 36 40 105
36 40 105 36 40 105 35 39 104 228 223 169 35 39 104 36 40 105 36 40 105 36 40 104 36 40 105 36 40 105 36 40 104 36 40 105 35 39 104 36 40 105 36 40 104 36 40 105 36 39 104 36 40 105 36 40 105 36 40 104 35 39 104 36 40 105 36 40 104 36 40 105 36 40 105 184 175 19 36 40 105 36 40 105 36 40 105 36 40 105 36 40 105 35 39 104
32 34 93 32 35 93 229 224 170 255 248 188 36 40 105 36 39 104 36 40 105 36 39 104 36 40 105 35 39 104 36 40 105 36 39 104 36 40 105 36 40 105 35 39 104 36 40 105 35 39 104 36 40 105 36 39 104 36 40 105 184 175 19 36 40 105 36 40 104 36 40 105 35 39 104 36 40 105 36 40 105 36 39 104 36 40 104 35 39 104 36 40 105 36 40 105
32 35 93 32 35 94 228 223 169 255 248 188 32 35 94 31 34 93 32 35 94 32 35 93 32 35 93 32 35 94 32 35 94 32 35 93 36 40 105 36 39 104 36 40 105 36 40 105 36 40 104 36 40 105 36 40 105 36 40 104 36 40 105 35 39 104 36 39 104 36 40 105 36 39 104 32 35 94 31 34 93 32 35 94 32 35 94 32 35 94 32 35 94 32 35 93
32 35 93 31 34 93 228 223 169 255 248 188 255 248 188 32 35 94 32 35 94 32 35 94 255 248 188 32 35 93 32 35 94 31 34 93 32 35 94 32 35 94 31 34 93 32 35 93 32 35 94 32 35 93 31 34 93 32 35 94 32 35 93 32 35 94 32 35 94 32 35 94 31 34 93 32 35 94 32 35 93 32 35 94 32 35 93 31 34 93 32 35 93 32 35 93
32 35 94 32 35 94 32 35 93 228 223 169 255 248 189 255 248 188 255 248 188 228 222 168 32 35 94 32 34 93 32 35 94 32 35 93 32 35 93 32 35 93 32 35 94 32 35 93 32 35 94 32 35 94 32 35 94 32 35 94 32 34 93 32 35 94 32 35 93 32 35 93 32 35 94 32 35 94 32 35 94 32 35 93 32 35 94 32 35 94 32 35 94 32 35 94
32 35 93 32 35 93 32 35 94 32 35 93 228 223 169 228 223 170 228 223 169 32 35 94 32 35 93 32 35 94 32 35 93 184 175 19 32 35 94 32 35 94 32 35 93 32 35 94 32 35 93 31 34 93 32 35 93 32 35 94 32 35 93 32 35 94 31 34 93 32 35 94 32 35 93 32 35 93 31 34 93 32 35 93 32 35 94 32 35 93 32 34 93 32 35 93
32 35 94 31 34 93 32 35 94 32 35 93 32 35 94 31 34 93 32 35 94 32 35 93 32 35 94 32 35 94 31 34 93 32 35 94 31 34 93 32 35 94 63 0 19 64 0 20 64 0 20 64 0 20 64 0 20 63 0 19 64 0 20 64 0 20 32 35 93 32 35 94 32 35 94 32 35 93 32 35 94 32 35 94 31 34 93 32 35 94 32 35 93 32 35 94
32 35 94 32 35 93 32 35 94 32 35 93 32 35 94 32 35 93 32 35 94 32 35 93 32 35 94 32 35 93 32 35 93 64 0 20 64 0 20 64 0 20 255 255 255 255 255 255 236 27 35 236 28 36 236 27 36 236 28 36 236 27 35 237 28 36 64 0 20 64 0 20 63 0 19 32 35 94 32 35 94 32 35 93 32 35 93 32 35 94 184 176 19 31 34 93
32 35 94 32 35 93 32 35 94 31 34 93 32 35 93 32 35 94 32 35 93 31 34 93 32 35 94 32 35 94 64 0 20 190 22 29 212 25 32 255 255 255 255 255 255 255 255 255 255 255 255 236 28 36 236 28 36 236 28 36 236 28 36 236 28 36 236 27 36 236 28 36 236 28 36 63 0 20 32 34 93 32 35 94 32 35 94 32 35 93 32 35 93 32 35 94
29 31 84 28 30 83 29 31 84 32 35 94 32 35 94 32 35 93 184 176 19 32 35 94 32 35 93 32 35 93 63 0 19 190 22 29 212 24 31 255 255 255 255 255 255 255 255 255 255 255 255 237 28 36 236 27 35 236 28 36 236 28 36 236 27 35 236 28 36 236 28 36 236 28 36 64 0 20 32 35 93 32 35 94 31 34 93 32 35 94 32 35 94 32 35 93
29 31 84 29 31 84 29 31 84 28 30 83 29 31 83 29 31 84 28 30 83 29 31 84 28 30 83 29 31 84 64 0 20 171 20 26 190 22 29 212 25 32 255 255 255 255 255 255 236 28 36 236 27 36 236 28 36 236 28 36 236 28 36 236 28 36 236 28 36 236 28 36 231 231 231 64 0 20 32 35 94 32 35 93 32 35 94 32 35 93 32 35 93 29 31 84
28 30 83 29 31 83 29 31 83 29 31 84 29 31 83 29 31 84 29 31 84 29 31 83 29 31 83 29 31 84 64 0 20 171 20 26 172 20 26 190 22 29 213 25 32 212 25 32 212 25 32 212 25 32 213 25 32 212 25 32 212 24 32 213 25 32 212 24 32 228 228 228 228 228 228 63 0 19 29 31 83 28 30 83 29 31 84 29 31 83 29 31 84 29 31 84
29 31 84 29 31 84 28 30 83 77 42 30 77 42 30 76 41 29 77 42 30 29 31 84 28 30 83 29 31 84 28 30 83 64 0 20 63 0 19 64 0 20 63 0 19 64 0 20 64 0 20 63 0 19 64 0 20 63 0 19 64 0 20 64 0 20 63 0 19 64 0 20 64 0 20 29 31 84 29 31 84 29 31 84 28 30 83 29 31 84 28 30 83 29 31 84
28 30 83 29 31 84 77 42 30 124 70 46 125 71 47 124 71 47 139 79 52 77 42 30 29 31 84 28 30 83 29 31 83 29 31 84 29 31 83 29 31 84 29 31 84 28 30 83 64 0 20 188 188 188 188 188 188 64 0 20 29 31 84 29 31 84 29 31 84 29 31 83 29 31 83 28 30 83 184 176 19 29 31 84 29 31 83 29 31 84 29 31 83 29 31 84
29 31 84 76 41 30 124 71 47 139 79 53 140 80 53 139 79 52 156 90 60 156 90 60 76 42 30 29 31 84 29 31 84 29 31 84 28 30 83 29 31 84 29 31 83 29 31 84 64 0 20 210 210 210 210 210 210 64 0 20 28 30 83 28 30 83 29 31 84 29 31 84 28 30 83 29 31 84 29 31 83 28 30 83 29 31 84 28 30 83 29 31 84 29 31 84
29 31 84 76 41 29 125 71 47 139 79 52 156 90 60 155 90 60 155 89 59 165 106 79 76 41 29 29 31 83 29 31 83 28 30 83 29 31 84 29 31 84 28 30 83 29 31 83 64 0 20 234 234 234 234 234 234 64 0 20 29 31 84 29 31 83 29 31 84 28 30 83 29 31 84 29 31 84 28 30 83 29 31 84 29 31 84 29 31 84 29 31 83 28 30 83
29 31 83 77 42 30 77 42 30 77 42 30 76 41 29 77 42 30 76 41 29 77 42 30 77 42 30 29 31 84 29 31 84 29 31 84 28 30 83 29 31 83 29 31 84 64 0 20 234 234 234 234 234 234 234 234 234 240 240 240 63 0 19 29 31 84 29 31 84 29 31 83 29 31 84 29 31 84 29 31 84 29 31 83 28 30 83 29 31 83 29 31 84 28 30 83
29 31 84 28 30 83 29 31 83 76 41 30 205 152 109 204 151 109 77 42 30 29 31 83 28 30 83 29 31 84 28 30 83 29 31 84 29 31 83 29 31 84 29 30 83 64 0 20 234 234 234 234 234 234 234 234 234 235 235 235 64 0 20 29 30 83 29 31 84 28 30 83 29 31 83 28 30 83 29 31 83 56 184 93 57 185 94 57 184 94 57 184 94 57 184 94
56 184 93 57 184 94 57 184 94 77 42 30 204 151 108 228 169 121 68 36 25 57 184 94 57 185 94 56 184 93 57 184 94 28 30 83 29 31 84 29 31 84 28 30 83 64 0 20 234 234 234 234 234 234 234 234 234 234 234 234 57 0 17 56 184 93 57 184 94 57 184 93 57 184 94 57 184 94 57 184 94 34 177 76 34 176 76 33 176 75 34 176 75 34 176 76
34 176 76 34 176 75 34 176 75 34 177 76 69 37 26 69 37 26 34 176 76 34 176 76 33 176 75 34 176 76 34 176 75 57 185 94 56 184 93 56 184 93 57 184 94 57 0 17 234 234 234 234 234 234 234 234 234 234 234 234 57 0 17 34 176 75 34 177 76 34 177 76 33 176 75 34 176 76 34 176 75 34 176 76 34 176 75 34 176 76 34 177 76 33 176 75
31 158 68 34 177 76 33 176 75 34 176 75 34 176 75 34 177 76 34 176 75 34 177 76 34 176 75 34 177 76 34 176 75 34 176 76 34 176 76 34 176 76 34 176 75 34 176 76 56 0 17 57 0 17 56 0 17 57 0 17 33 176 75 34 176 76 34 176 75 34 176 75 34 176 76 34 177 76 33 176 75 34 177 76 33 176 75 34 177 76 34 176 75 31 159 68
31 159 68 31 158 68 31 158 68 31 159 68 31 158 68 30 158 67 34 176 76 34 176 75 34 176 76 34 177 76 34 176 75 34 177 76 34 176 75 34 177 76 34 176 75 34 177 76 33 176 75 34 177 76 34 177 76 34 176 75 34 177 76 34 176 76 34 177 76 33 176 75 34 176 76 34 176 75 34 176 76 34 176 75 31 159 68 31 158 68 30 158 67 31 158 68
31 158 68 30 158 67 30 158 67 31 159 68 31 158 68 31 158 68 31 159 68 31 158 68 30 158 67 31 158 68 30 158 67 31 158 68 31 158 68 30 158 67 34 176 76 34 177 76 34 176 76 34 176 75 34 176 76 34 176 75 34 177 76 34 176 75 34 176 75 31 159 68 31 159 68 30 158 67 31 158 68 31 158 68 31 158 68 30 158 67 31 158 68 31 158 68
31 158 68 31 159 68 31 158 68 31 158 68 30 158 67 31 159 68 31 158 68 30 158 67 31 159 68 31 158 68 31 159 68 31 158 68 31 159 68 31 158 68 31 158 68 30 158 67 31 159 68 31 158 68 31 158 68 30 158 67 31 158 68 31 159 68 31 158 68 31 158 67 31 158 68 31 159 68 30 158 67 31 159 68 30 158 67 31 158 68 31 159 68 31 159 68
30 158 67 31 158 68 31 158 68 30 158 67 31 158 68 31 158 68 31 158 68 31 159 68 31 158 68 31 158 68 30 158 67 31 158 68 30 158 67 31 159 68 31 158 68 31 159 68 31 158 68 31 158 67 31 159 68 31 159 68 31 158 68 31 158 68 30 158 67 31 158 68 30 158 67 31 158 68 31 158 68 30 158 67 31 159 68 31 158 68 30 158 67 30 158 67
31 158 68 31 159 68 31 158 68 30 158 67 31 159 68 31 158 68 30 158 67 30 158 67 31 158 68 30 158 67 31 159 68 31 158 68 30 158 67 31 158 68 31 158 68 30 158 67 30 158 67 31 158 68 31 158 68 30 158 67 30 158 67 31 159 68 31 158 68 31 159 68 31 159 68 31 158 68 31 158 68 31 158 68 31 159 68 31 158 68 31 158 68 31 158 68
28 143 61 27 142 60 28 142 60 28 143 61 27 142 60 28 142 60 31 159 68 31 158 68 31 159 68 31 158 68 31 158 68 31 158 68 31 159 68 31 158 67 31 158 68 31 159 68 31 158 68 31 159 68 30 158 67 31 158 68 31 158 68 31 159 68 30 158 67 31 158 68 31 158 68 30 158 67 31 159 68 30 158 67 31 158 68 30 158 67 28 143 61 28 143 61
28 143 61 27 142 60 28 143 61 28 143 61 28 142 61 28 143 61 28 143 61 27 142 60 28 142 61 28 143 61 27 142 60 28 143 61 28 142 60 28 143 61 27 142 60 28 143 61 28 143 61 28 142 60 28 142 61 28 143 61 28 142 60 28 142 61 27 142 60 28 143 61 28 142 61 27 142 60 28 143 61 28 142 61 28 143 61 28 142 61 27 142 60 28 143 61
28 143 61 28 142 61 28 143 61 27 142 60 28 142 61 28 142 60 27 142 60 28 142 61 28 143 61 28 143 61 27 142 60 28 142 61 28 143 61 27 142 60 28 143 61 28 142 60 27 142 60 28 142 61 28 143 61 27 142 60 28 143 61 28 143 61 28 142 61 28 143 61 28 143 61 28 143 61 28 142 60 28 142 61 28 142 60 28 143 61 28 142 60 28 143 61
