0 0 0 0 0 0 0 0 0 0 0 0 0 0 0 0 0 0 0 0 0 0 0 0 0 0 0 0 0 0 0 0 0 0 0 0 0 0 0 0 0 0 62 33 56 62 33 56 62 33 56 62 33 56 0 0 0 62 33 56 62 33 56 62 33 56 62 33 56 0 0 0 0 0 0 0 0 0 0 0 0 0 0 0 0 0 0 0 0 0 0 0 0
0 0 0 0 0 0 0 0 0 0 0 0 0 0 0 0 0 0 0 0 0 0 0 0 0 0 0 0 0 0 0 0 0 0 0 0 62 33 56 62 33 56 62 33 56 255 255 255 255 255 255 255 255 255 62 33 56 255 255 255 255 255 255 255 255 255 255 255 255 62 33 56 62 33 56 62 33 56 0 0 0 0 0 0 0 0 0 0 0 0 0 0 0
0 0 0 0 0 0 0 0 0 0 0 0 0 0 0 0 0 0 0 0 0 0 0 0 0 0 0 0 0 0 62 33 56 62 33 56 62 33 56 203 205 203 203 205 203 203 205 203 203 205 203 255 255 255 255 255 255 255 255 255 255 255 255 203 205 203 251 251 250 255 255 255 255 255 255 251 251 250 62 33 56 0 0 0 0 0 0 0 0 0 0 0 0
0 0 0 0 0 0 0 0 0 0 0 0 0 0 0 0 0 0 0 0 0 0 0 0 0 0 0 62 33 56 252 252 252 252 252 252 255 255 255 196 197 195 255 255 255 255 255 255 203 205 203 203 205 203 203 205 203 203 205 203 203 205 203 251 251 250 251 251 250 255 255 255 255 255 255 254 254 254 251 251 250 62 33 56 0 0 0 0 0 0 0 0 0
0 0 0 0 0 0 0 0 0 0 0 0 0 0 0 0 0 0 0 0 0 0 0 0 62 33 56 62 33 56 252 252 252 255 255 255 255 255 255 255 255 255 250 249 249 252 252 252 251 251 250 255 255 255 203 205 203 255 255 255 255 255 255 254 254 254 251 251 250 255 255 255 251 251 250 252 252 252 254 254 254 254 254 254 62 33 56 0 0 0 0 0 0
0 0 0 0 0 0 0 0 0 0 0 0 0 0 0 0 0 0 0 0 0 0 0 0 62 33 56 250 249 249 255 255 255 235 235 233 254 254 254 254 254 254 255 255 255 255 255 255 255 255 255 255 255 255 255 255 255 252 252 252 255 255 255 255 255 255 255 255 255 255 255 255 251 251 250 251 251 250 251 251 250 252 252 252 252 252 252 62 33 56 0 0 0
0 0 0 0 0 0 0 0 0 0 0 0 0 0 0 0 0 0 0 0 0 62 33 56 252 252 252 255 255 255 251 251 250 62 33 56 252 252 252 252 252 252 226 227 224 247 247 246 254 254 254 249 248 247 254 254 254 255 255 255 254 254 254 254 254 254 255 255 255 255 255 255 255 255 255 62 33 56 251 251 250 252 252 252 252 252 252 62 33 56 0 0 0
0 0 0 0 0 0 0 0 0 0 0 0 0 0 0 0 0 0 0 0 0 62 33 56 254 254 254 255 255 255 252 252 252 62 33 56 245 245 244 255 255 255 255 255 255 255 255 255 254 254 254 245 245 244 255 255 255 254 254 254 254 254 254 255 255 255 255 255 255 255 255 255 252 252 252 62 33 56 252 252 252 255 255 255 252 252 252 203 205 203 62 33 56
0 0 0 0 0 0 0 0 0 0 0 0 0 0 0 0 0 0 62 33 56 196 197 195 255 255 255 255 255 255 255 255 255 62 33 56 195 196 194 255 255 255 62 33 56 255 255 255 254 254 254 254 254 254 254 254 254 254 254 254 254 254 254 62 33 56 255 255 255 255 255 255 203 205 203 62 33 56 252 252 252 255 255 255 252 252 252 203 205 203 62 33 56
0 0 0 0 0 0 0 0 0 0 0 0 0 0 0 0 0 0 62 33 56 197 198 196 197 198 196 254 254 254 254 254 254 62 33 56 197 198 196 255 255 255 62 33 56 62 33 56 203 205 203 203 205 203 203 205 203 203 205 203 203 205 203 62 33 56 62 33 56 255 255 255 203 205 203 62 33 56 62 33 56 252 252 252 252 252 252 203 205 203 62 33 56
0 0 0 0 0 0 62 33 56 62 33 56 62 33 56 62 33 56 62 33 56 197 198 196 197 198 196 197 198 196 197 198 196 62 33 56 211 213 210 255 255 255 255 255 255 255 255 255 255 255 255 62 33 56 62 33 56 62 33 56 252 252 252 255 255 255 255 255 255 255 255 255 255 255 255 255 255 255 62 33 56 252 252 252 203 205 203 203 205 203 62 33 56
0 0 0 62 33 56 255 255 255 255 255 255 255 255 255 255 255 255 255 255 255 62 33 56 192 193 191 197 198 196 196 197 195 62 33 56 255 255 255 254 254 254 252 252 252 255 255 255 252 252 252 62 33 56 62 33 56 62 33 56 252 252 252 251 251 250 255 255 255 255 255 255 255 255 255 255 255 255 62 33 56 252 252 252 203 205 203 62 33 56 0 0 0
62 33 56 255 255 255 255 255 255 203 205 203 203 205 203 255 255 255 255 255 255 255 255 255 62 33 56 197 198 196 197 198 196 62 33 56 254 254 254 255 255 255 255 255 255 255 255 255 62 33 56 255 255 255 62 33 56 255 255 255 62 33 56 242 242 240 255 255 255 255 255 255 255 255 255 255 255 255 62 33 56 203 205 203 203 205 203 62 33 56 0 0 0
62 33 56 203 205 203 203 205 203 203 205 203 203 205 203 203 205 203 255 255 255 62 33 56 252 252 252 62 33 56 62 33 56 194 195 193 252 252 252 255 255 255 255 255 255 255 255 255 251 251 250 62 33 56 62 33 56 62 33 56 255 255 255 255 255 255 255 255 255 255 255 255 255 255 255 170 172 171 62 33 56 203 205 203 62 33 56 0 0 0 0 0 0
62 33 56 203 205 203 203 205 203 62 33 56 62 33 56 62 33 56 203 205 203 62 33 56 252 252 252 252 252 252 249 248 247 62 33 56 189 191 189 254 254 254 255 255 255 255 255 255 255 255 255 62 33 56 244 105 126 62 33 56 255 255 255 255 255 255 255 255 255 255 255 255 203 205 203 62 33 56 0 0 0 62 33 56 0 0 0 0 0 0 0 0 0
0 0 0 62 33 56 62 33 56 235 235 233 254 254 254 252 252 252 62 33 56 255 255 255 252 252 252 255 255 255 255 255 255 252 252 252 62 33 56 62 33 56 194 195 193 255 255 255 255 255 255 255 255 255 62 33 56 255 255 255 255 255 255 254 254 254 250 249 249 181 183 181 62 33 56 0 0 0 0 0 0 0 0 0 0 0 0 0 0 0 0 0 0
0 0 0 62 33 56 255 255 255 255 255 255 255 255 255 254 254 254 255 255 255 255 255 255 255 255 255 255 255 255 255 255 255 255 255 255 255 255 255 194 195 193 62 33 56 62 33 56 255 255 255 255 255 255 255 255 255 255 255 255 255 255 255 254 254 254 62 33 56 62 33 56 62 33 56 0 0 0 0 0 0 0 0 0 0 0 0 0 0 0 0 0 0
62 33 56 255 255 255 255 255 255 255 255 255 255 255 255 255 255 255 255 255 255 255 255 255 255 255 255 255 255 255 255 255 255 255 255 255 255 255 255 254 254 254 194 195 193 254 254 254 194 195 193 207 208 206 199 200 198 198 199 197 189 191 189 197 198 196 197 198 196 196 197 195 62 33 56 0 0 0 0 0 0 0 0 0 0 0 0 0 0 0 0 0 0
62 33 56 255 255 255 255 255 255 255 255 255 255 255 255 255 255 255 255 255 255 255 255 255 255 255 255 255 255 255 255 255 255 255 255 255 255 255 255 255 255 255 255 255 255 255 255 255 254 254 254 254 254 254 254 254 254 254 254 254 254 254 254 254 254 254 254 254 254 210 212 209 62 33 56 0 0 0 0 0 0 0 0 0 0 0 0 0 0 0 0 0 0
62 33 56 255 255 255 255 255 255 255 255 255 255 255 255 255 255 255 255 255 255 255 255 255 255 255 255 255 255 255 255 255 255 255 255 255 255 255 255 255 255 255 255 255 255 255 255 255 255 255 255 255 255 255 255 255 255 254 254 254 254 254 254 251 251 250 254 254 254 197 198 196 62 33 56 0 0 0 0 0 0 0 0 0 0 0 0 0 0 0 0 0 0
62 33 56 255 255 255 255 255 255 255 255 255 255 255 255 255 255 255 255 255 255 255 255 255 255 255 255 252 252 252 255 255 255 255 255 255 255 255 255 255 255 255 255 255 255 255 255 255 255 255 255 254 254 254 255 255 255 255 255 255 255 255 255 254 254 254 254 254 254 200 202 199 62 33 56 0 0 0 0 0 0 0 0 0 0 0 0 0 0 0 0 0 0
0 0 0 62 33 56 197 198 196 255 255 255 255 255 255 255 255 255 255 255 255 252 252 252 62 33 56 255 255 255 255 255 255 255 255 255 255 255 255 251 251 250 254 254 254 255 255 255 255 255 255 255 255 255 254 254 254 254 254 254 254 254 254 254 254 254 254 254 254 62 33 56 62 33 56 0 0 0 0 0 0 0 0 0 0 0 0 0 0 0 0 0 0
0 0 0 62 33 56 208 209 207 255 255 255 255 255 255 255 255 255 255 255 255 62 33 56 199 200 198 197 198 196 197 198 196 196 197 195 193 194 192 251 251 250 252 252 252 255 255 255 254 254 254 254 254 254 254 254 254 254 254 254 254 254 254 62 33 56 62 33 56 255 255 255 62 33 56 0 0 0 0 0 0 0 0 0 0 0 0 0 0 0 0 0 0
0 0 0 62 33 56 234 234 232 255 255 255 255 255 255 255 255 255 255 255 255 62 33 56 62 33 56 62 33 56 62 33 56 192 193 191 197 198 196 192 193 191 244 243 242 254 254 254 255 255 255 254 254 254 254 254 254 254 254 254 62 33 56 200 202 199 255 255 255 255 255 255 62 33 56 0 0 0 0 0 0 0 0 0 0 0 0 0 0 0 0 0 0
0 0 0 62 33 56 228 229 226 255 255 255 255 255 255 255 255 255 62 33 56 62 33 56 196 197 195 196 197 195 196 197 195 62 33 56 62 33 56 62 33 56 206 208 205 254 254 254 255 255 255 254 254 254 254 254 254 62 33 56 197 198 196 200 202 199 255 255 255 255 255 255 62 33 56 0 0 0 0 0 0 0 0 0 0 0 0 0 0 0 0 0 0
0 0 0 62 33 56 206 208 205 255 255 255 255 255 255 255 255 255 62 33 56 62 33 56 196 197 195 196 197 195 196 197 195 62 33 56 0 0 0 0 0 0 62 33 56 254 254 254 255 255 255 255 255 255 254 254 254 62 33 56 197 198 196 200 202 199 255 255 255 255 255 255 62 33 56 0 0 0 0 0 0 0 0 0 0 0 0 0 0 0 0 0 0
0 0 0 62 33 56 197 198 196 229 230 227 228 229 226 220 221 218 62 33 56 0 0 0 62 33 56 196 197 195 196 197 195 62 33 56 0 0 0 0 0 0 62 33 56 254 254 254 255 255 255 254 254 254 254 254 254 62 33 56 62 33 56 200 202 199 255 255 255 255 255 255 62 33 56 0 0 0 0 0 0 0 0 0 0 0 0 0 0 0 0 0 0
0 0 0 62 33 56 197 198 196 197 198 196 197 198 196 198 199 197 62 33 56 0 0 0 62 33 56 196 197 195 196 197 195 62 33 56 0 0 0 0 0 0 62 33 56 254 254 254 254 254 254 254 254 254 254 254 254 62 33 56 62 33 56 200 202 199 254 254 254 254 254 254 62 33 56 0 0 0 0 0 0 0 0 0 0 0 0 0 0 0 0 0 0
0 0 0 0 0 0 62 33 56 62 33 56 62 33 56 62 33 56 0 0 0 0 0 0 62 33 56 62 33 56 62 33 56 62 33 56 0 0 0 0 0 0 0 0 0 62 33 56 62 33 56 62 33 56 62 33 56 0 0 0 0 0 0 62 33 56 62 33 56 62 33 56 0 0 0 0 0 0 0 0 0 0 0 0 0 0 0 0 0 0 0 0 0
